Locations,5
Location Intervals,100
Sector Intervals,36
0,0,0
0,0,0,0,0,0,0,0,0,0,0,0,0,0,0,0,0,0,0,0,0,0,0,0,0,0,0,0,0,0,0,0,0,0,0,0,0,0,0,0,0,0,0,0,0,0,0,0,0,0,0,0,0,0,0,0,0,0,0,0,0,0,0,0,0,0,0,0,0,0,0,0,0,0,0,0,0,0,0,0,0,0,0,0,0,0,0,0,0,0,0,0,0,0,0,0,0,0,0,0
0,1,0
0,0.00294135,0.00468943,0.00657722,0.0227487,0.0352973,0.0531187,0.0472671,0.0586279,0.0694584,0.0696113,0.0696879,0.0697136,0.0697026,0.0697269,0.0695307,0.0715568,0.0639924,0.0720171,0.061181,0.0636437,0.0668775,0.0705272,0.0723704,0.0725087,0.0726551,0.0848244,0.0849752,0.0853945,0.085463,0.0759101,0.0758075,0.0758417,0.0757893,0.10898,0.100081,0.0999106,0.0940715,0.0752242,0.07513,0.0747229,0.074128,0.087532,0.0903951,0.0906465,0.0941131,0.0949219,0.0993211,0.104268,0.104844,0.107227,0.113265,0.116902,0.121629,0.121578,0.130919,0.130065,0.133178,0.135028,0.134988,0.136618,0.136854,0.138639,0.138499,0.0995986,0.0998799,0.0997973,0.0984348,0.0957222,0.0959787,0.0925886,0.0892379,0.0849582,0.0824807,0.0827309,0.0793321,0.0962274,0.0623888,0.0625344,0.0358377,0.02947,0.0256698,0.0515663,0.0520124,0.0668548,0.0503907,0.0566611,0.0454303,0.0375097,0.0361928,0.0267232,0.0265097,0.005581,0.00512181,0.00462047,0.00390893,0.00271795,0.00250458,0.00160782,0.000936163
0,2,0
0,0,0,0,0,0,0,0,0,0,0,0,0,0,0,0,0,0,0,0,0,0,0,0,0,0,0,0,0,0,0,0,0,0,0,0,0,0,0,0,0,0,0,0,0,0,0,0,0,0,0,0,0,0,0,0,0,0,0,0,0,0,0,0,0,0,0,0,0,0,0,0,0,0,0,0,0,0,0,0,0,0,0,0,0,0,0,0,0,0,0,0,0,0,0,0,0,0,0,0
0,3,0
0,0,0,0,0,0,0,0,0,0,0,0,0,0,0,0,0,0,0,0,0,0,0,0,0,0,0,0,0,0,0,0,0,0,0,0,0,0,0,0,0,0,0,0,0,0,0,0,0,0,0,0,0,0,0,0,0,0,0,0,0,0,0,0,0,0,0,0,0,0,0,0,0,0,0,0,0,0,0,0,0,0,0,0,0,0,0,0,0,0,0,0,0,0,0,0,0,0,0,0
0,4,0
0,0,0,0,0,0,0,0,0,0,0,0,0,0,0,0,0,0,0,0,0,0,0,0,0,0,0,0,0,0,0,0,0,0,0,0,0,0,0,0,0,0,0,0,0,0,0,0,0,0,0,0,0,0,0,0,0,0,0,0,0,0,0,0,0,0,0,0,0,0,0,0,0,0,0,0,0,0,0,0,0,0,0,0,0,0,0,0,0,0,0,0,0,0,0,0,0,0,0,0
1,0,0
0,0,0,0,0,0,0,0,0,0,0,0,0,0,0,0,0,0,0,0,0,0,0,0,0,0,0,0,0,0,0,0,0,0,0,0,0,0,0,0,0,0,0,0,0,0,0,0,0,0,0,0,0,0,0,0,0,0,0,0,0,0,0,0,0,0,0,0,0,0,0,0,0,0,0,0,0,0,0,0,0,0,0,0,0,0,0,0,0,0,0,0,0,0,0,0,0,0,0,0
1,1,0
0,0,0,0,0,0,0,0,0,0,0,0,0,0,0,0,0,0,0,0,0,0,0,0,0,0,0,0,0,0,0,0,0,0,0,0,0,0,0,0,0,0,0,0,0,0,0,0,0,0,0,0,0,0,0,0,0,0,0,0,0,0,0,0,0,0,0,0,0,0,0,0,0,0,0,0,0,0,0,0,0,0,0,0,0,0,0,0,0,0,0,0,0,0,0,0,0,0,0,0
1,2,0
0,0.00576432,0.00737846,0.00925974,0.0114352,0.0237485,0.0302296,0.0369708,0.0587294,0.0826141,0.0881037,0.0924156,0.0949992,0.0971453,0.097742,0.0974629,0.0971548,0.0968244,0.0963498,0.0961786,0.0955005,0.0947397,0.130288,0.130571,0.0895471,0.107919,0.0976074,0.0982542,0.120713,0.114691,0.115235,0.124694,0.139383,0.170063,0.182078,0.193558,0.203962,0.21385,0.221709,0.23269,0.252377,0.258073,0.251019,0.262462,0.258674,0.254746,0.249091,0.240674,0.231593,0.230675,0.21956,0.218658,0.218661,0.15002,0.136553,0.192799,0.192789,0.19244,0.191959,0.179777,0.179184,0.179452,0.178933,0.179582,0.179974,0.180583,0.180755,0.181415,0.182819,0.183856,0.1874,0.18738,0.188397,0.188238,0.194298,0.195221,0.203182,0.213279,0.214058,0.110995,0.0949442,0.0942173,0.0964709,0.0949145,0.0993218,0.101114,0.109628,0.113555,0.121433,0.122543,0.119067,0.120608,0.121973,0.131181,0.132803,0.134155,0.135848,0.137101,0.138348,0.132362
1,3,0
0,0,0,0,0,0,0,0,0,0,0,0,0,0,0,0,0,0,0,0,0,0,0,0,0,0,0,0,0,0,0,0,0,0,0,0,0,0,0,0,0,0,0,0,0,0,0,0,0,0,0,0,0,0,0,0,0,0,0,0,0,0,0,0,0,0,0,0,0,0,0,0,0,0,0,0,0,0,0,0,0,0,0,0,0,0,0,0,0,0,0,0,0,0,0,0,0,0,0,0
1,4,0
0,0,0,0,0,0,0,0,0,0,0,0,0,0,0,0,0,0,0,0,0,0,0,0,0,0,0,0,0,0,0,0,0,0,0,0,0,0,0,0,0,0,0,0,0,0,0,0,0,0,0,0,0,0,0,0,0,0,0,0,0,0,0,0,0,0,0,0,0,0,0,0,0,0,0,0,0,0,0,0,0,0,0,0,0,0,0,0,0,0,0,0,0,0,0,0,0,0,0,0
2,0,0
0,0,0,0,0,0,0,0,0,0,0,0,0,0,0,0,0,0,0,0,0,0,0,0,0,0,0,0,0,0,0,0,0,0,0,0,0,0,0,0,0,0,0,0,0,0,0,0,0,0,0,0,0,0,0,0,0,0,0,0,0,0,0,0,0,0,0,0,0,0,0,0,0,0,0,0,0,0,0,0,0,0,0,0,0,0,0,0,0,0,0,0,0,0,0,0,0,0,0,0
2,1,0
0,0,0,0,0,0,0,0,0,0,0,0,0,0,0,0,0,0,0,0,0,0,0,0,0,0,0,0,0,0,0,0,0,0,0,0,0,0,0,0,0,0,0,0,0,0,0,0,0,0,0,0,0,0,0,0,0,0,0,0,0,0,0,0,0,0,0,0,0,0,0,0,0,0,0,0,0,0,0,0,0,0,0,0,0,0,0,0,0,0,0,0,0,0,0,0,0,0,0,0
2,2,0
0,0,0,0,0,0,0,0,0,0,0,0,0,0,0,0,0,0,0,0,0,0,0,0,0,0,0,0,0,0,0,0,0,0,0,0,0,0,0,0,0,0,0,0,0,0,0,0,0,0,0,0,0,0,0,0,0,0,0,0,0,0,0,0,0,0,0,0,0,0,0,0,0,0,0,0,0,0,0,0,0,0,0,0,0,0,0,0,0,0,0,0,0,0,0,0,0,0,0,0
2,3,0
0,0.0170613,0.00388035,0.0375502,0.0520062,0.129104,0.0625532,0,0.0251479,0.0939157,0.100807,0.0772687,0.0880519,0.0887177,0.082623,0.0834797,0.0839218,0.0790521,0.0801705,0.0752838,0.0858178,0.0858457,0.0858948,0.0857878,0.0856253,0.0760353,0.0764729,0.0766698,0.0766906,0.0502603,0.0751336,0.0751283,0.075152,0.0750699,0.0750162,0.0748565,0.10386,0.102192,0.102116,0.0780416,0.0777271,0.0603459,0.0597439,0.0732321,0.0732353,0.0716832,0.0762721,0.0762565,0.076253,0.0743214,0.0742307,0.0740889,0.0739679,0.0737765,0.071389,0.0711966,0.0710631,0.0709078,0.0707003,0.0671555,0.0666633,0.0664065,0.0622609,0.0620937,0.0619466,0.0617824,0.0616226,0.0560812,0.0560825,0.0560671,0.0560587,0.0739209,0.0739136,0.0718393,0.071783,0.0717807,0.0692969,0.0692406,0.0690797,0.0665681,0.0663559,0.0660265,0.0639462,0.060777,0.0604997,0.0564983,0.056192,0.0493836,0.0487522,0.0484359,0.0480484,0.0326068,0.0319497,0.0310947,0.0308075,0.0309436,0.030041,0.00392758,0.00454672,0.00508186
2,4,0
0,0.0920118,0.149883,0.0809202,0.151155,0.200869,0.111967,0.103081,0.0725341,0.115046,0.0440225,0.0408155,0.0415476,0.104672,0.104016,0.103977,0.103365,0.102887,0.0896683,0.0892779,0.0889959,0.0609019,0.108174,0.121188,0.122142,0.122942,0.12381,0.124579,0.118407,0.118197,0.117566,0.115658,0.121854,0.122078,0.122132,0.107362,0.112016,0.113653,0.11407,0.114259,0.114334,0.117224,0.117258,0.11744,0.117152,0.118052,0.126438,0.127581,0.128616,0.129502,0.130336,0.131683,0.131346,0.133177,0.12631,0.126243,0.122547,0.125041,0.121432,0.121458,0.116511,0.116562,0.109442,0.108895,0.103245,0.102556,0.0961091,0.0951443,0.0940405,0.0874469,0.085842,0.0819239,0.0799507,0.0789376,0.0748614,0.0739011,0.0729308,0.0687296,0.0680719,0.065011,0.0640908,0.0620462,0.0591196,0.0586563,0.055682,0.0559401,0.0559298,0.0559005,0.0529633,0.0516506,0.0345641,0.0293904,0.0290851,0.0157103,0.0143657,0.0122298,0.00676322,0.00483472,0.00427421,0.00384341
3,0,0
0,0,0,0,0,0,0,0,0,0,0,0,0,0,0,0,0,0,0,0,0,0,0,0,0,0,0,0,0,0,0,0,0,0,0,0,0,0,0,0,0,0,0,0,0,0,0,0,0,0,0,0,0,0,0,0,0,0,0,0,0,0,0,0,0,0,0,0,0,0,0,0,0,0,0,0,0,0,0,0,0,0,0,0,0,0,0,0,0,0,0,0,0,0,0,0,0,0,0,0
3,1,0
0,0,0,0,0,0,0,0,0,0,0,0,0,0,0,0,0,0,0,0,0,0,0,0,0,0,0,0,0,0,0,0,0,0,0,0,0,0,0,0,0,0,0,0,0,0,0,0,0,0,0,0,0,0,0,0,0,0,0,0,0,0,0,0,0,0,0,0,0,0,0,0,0,0,0,0,0,0,0,0,0,0,0,0,0,0,0,0,0,0,0,0,0,0,0,0,0,0,0,0
3,2,0
0,0.00453114,0.007352,0.00998738,0.0123376,0.0144548,0.016238,0.0187519,0.0382476,0.0508277,0.0505525,0.0501981,0.0514036,0.0523633,0.0526624,0.0530072,0.053608,0.0538826,0.0539456,0.0547984,0.0592795,0.0594908,0.0596171,0.0597479,0.0598055,0.0598513,0.0598045,0.0619422,0.062332,0.0625017,0.0625907,0.0626765,0.0626734,0.0626837,0.0628016,0.062789,0.0628036,0.061959,0.0621593,0.0622433,0.0643363,0.0651067,0.0654059,0.0656715,0.0690047,0.070192,0.0703944,0.0707259,0.0717813,0.0717624,0.0718988,0.0719978,0.0719822,0.071967,0.0719675,0.0719662,0.0719704,0.0719533,0.071926,0.0718996,0.0718575,0.0685886,0.0674998,0.0713623,0.0692486,0.0692619,0.0692743,0.0662821,0.0709092,0.038415,0.0385057,0.0385938,0.0711752,0.0710254,0.0711699,0.0751204,0.0763234,0.0764796,0.0767886,0.0739353,0.0617512,0.0434189,0.0433971,0.070091,0.0647097,0.0960783,0.0412222,0.0741129,0.0802,0.0991522,0.11568,0.119481,0.0320193,0.00677868,0.00609101,0.00959327,0.00836315,0.00694522,0.00482644,0.00268494
3,3,0
0,0,0,0,0,0,0,0,0,0,0,0,0,0,0,0,0,0,0,0,0,0,0,0,0,0,0,0,0,0,0,0,0,0,0,0,0,0,0,0,0,0,0,0,0,0,0,0,0,0,0,0,0,0,0,0,0,0,0,0,0,0,0,0,0,0,0,0,0,0,0,0,0,0,0,0,0,0,0,0,0,0,0,0,0,0,0,0,0,0,0,0,0,0,0,0,0,0,0,0
3,4,0
0,0,0,0,0,0,0,0,0,0,0,0,0,0,0,0,0,0,0,0,0,0,0,0,0,0,0,0,0,0,0,0,0,0,0,0,0,0,0,0,0,0,0,0,0,0,0,0,0,0,0,0,0,0,0,0,0,0,0,0,0,0,0,0,0,0,0,0,0,0,0,0,0,0,0,0,0,0,0,0,0,0,0,0,0,0,0,0,0,0,0,0,0,0,0,0,0,0,0,0
4,0,0
0,0.00603279,0.00828649,0.0177277,0.0225534,0.0261572,0.0179817,0.0255211,0.020781,0.0843941,0.0874006,0.0889166,0.0921605,0.0943523,0.0965382,0.111435,0.116942,0.119734,0.122039,0.123745,0.125923,0.144684,0.145257,0.146334,0.146477,0.146913,0.146918,0.153923,0.154191,0.154523,0.154457,0.154371,0.153759,0.15367,0.152648,0.148579,0.148588,0.15795,0.15914,0.159172,0.159188,0.110867,0.11038,0.159527,0.159342,0.158783,0.137946,0.137747,0.133215,0.130337,0.129066,0.12545,0.125233,0.124622,0.119038,0.1162,0.116067,0.114319,0.112757,0.111656,0.11005,0.108909,0.106363,0.0983492,0.0981276,0.097461,0.111522,0.111515,0.111752,0.111535,0.111554,0.10569,0.105628,0.106573,0.1065,0.104317,0.104189,0.0997247,0.0955575,0.0953433,0.090823,0.0821313,0.0746306,0.0736573,0.0712217,0.0705041,0.0701073,0.067893,0.0679561,0.0667939,0.0646816,0.0577285,0.0574179,0.0428926,0.0355856,0.0212931,0.0184114,0.00538745,0.00373779,0.00129948
4,1,0
0,0,0,0,0,0,0,0,0,0,0,0,0,0,0,0,0,0,0,0,0,0,0,0,0,0,0,0,0,0,0,0,0,0,0,0,0,0,0,0,0,0,0,0,0,0,0,0,0,0,0,0,0,0,0,0,0,0,0,0,0,0,0,0,0,0,0,0,0,0,0,0,0,0,0,0,0,0,0,0,0,0,0,0,0,0,0,0,0,0,0,0,0,0,0,0,0,0,0,0
4,2,0
0,0,0,0,0,0,0,0,0,0,0,0,0,0,0,0,0,0,0,0,0,0,0,0,0,0,0,0,0,0,0,0,0,0,0,0,0,0,0,0,0,0,0,0,0,0,0,0,0,0,0,0,0,0,0,0,0,0,0,0,0,0,0,0,0,0,0,0,0,0,0,0,0,0,0,0,0,0,0,0,0,0,0,0,0,0,0,0,0,0,0,0,0,0,0,0,0,0,0,0
4,3,0
0,0,0,0,0,0,0,0,0,0,0,0,0,0,0,0,0,0,0,0,0,0,0,0,0,0,0,0,0,0,0,0,0,0,0,0,0,0,0,0,0,0,0,0,0,0,0,0,0,0,0,0,0,0,0,0,0,0,0,0,0,0,0,0,0,0,0,0,0,0,0,0,0,0,0,0,0,0,0,0,0,0,0,0,0,0,0,0,0,0,0,0,0,0,0,0,0,0,0,0
4,4,0
0,0,0,0,0,0,0,0,0,0,0,0,0,0,0,0,0,0,0,0,0,0,0,0,0,0,0,0,0,0,0,0,0,0,0,0,0,0,0,0,0,0,0,0,0,0,0,0,0,0,0,0,0,0,0,0,0,0,0,0,0,0,0,0,0,0,0,0,0,0,0,0,0,0,0,0,0,0,0,0,0,0,0,0,0,0,0,0,0,0,0,0,0,0,0,0,0,0,0,0
