0,0,-1,-1,0,-1,0.100368,0.464233,-0.231138,1.7974
1,0,-1,-1,0,-1,0.100272,0.464927,-0.231271,1.79734
2,0,-1,-1,0,-1,0.100214,0.464552,-0.231374,1.79718
3,0,-1,-1,0,-1,0.100541,0.465423,-0.231302,1.79636
4,0,-1,-1,0,-1,0.100537,0.465921,-0.231566,1.79556
5,0,-1,-1,0,-1,0.100452,0.465365,-0.231415,1.7963
6,0,-1,-1,0,-1,0.100676,0.46588,-0.231494,1.79532
7,0,-1,-1,0,-1,0.101107,0.466932,-0.231637,1.79347
8,0,-1,-1,0,-1,0.101331,0.4669,-0.231588,1.79286
9,0,-1,-1,0,-1,0.101469,0.466811,-0.231468,1.79278
10,0,-1,-1,0,-1,0.10148,0.46428,-0.230741,1.79491
11,0,-1,-1,0,-1,0.101149,0.4622,-0.23032,1.79725
12,0,-1,-1,0,-1,0.100941,0.46052,-0.229945,1.79906
13,0,-1,-1,0,-1,0.100798,0.459186,-0.229748,1.80009
14,0,-1,-1,0,-1,0.100558,0.45729,-0.2294,1.80189
15,0,-1,-1,0,-1,0.100507,0.459007,-0.229968,1.80034
16,0,-1,-1,0,-1,0.100808,0.459908,-0.230182,1.79869
17,0,-1,-1,0,-1,0.100745,0.460251,-0.230284,1.7986
18,0,-1,-1,0,-1,0.100684,0.461107,-0.230457,1.79831
19,0,-1,-1,0,-1,0.100747,0.460987,-0.230399,1.79827
20,0,-1,-1,0,-1,0.100863,0.460685,-0.230306,1.79816
21,0,-1,-1,0,-1,0.100772,0.460836,-0.230341,1.79837
22,0,-1,-1,0,-1,0.100839,0.460611,-0.230338,1.79813
23,0,-1,-1,0,-1,0.100994,0.461112,-0.230372,1.79753
24,0,-1,-1,0,-1,0.101435,0.463937,-0.230911,1.79449
25,0,-1,-1,0,-1,0.101498,0.464733,-0.230983,1.7941
26,0,-1,-1,0,-1,0.101612,0.464853,-0.23093,1.79389
27,0,-1,-1,0,-1,0.101522,0.465137,-0.230991,1.79402
28,0,-1,-1,0,-1,0.101545,0.464644,-0.230887,1.79425
29,0,-1,-1,0,-1,0.101248,0.46327,-0.230707,1.79574
30,0,-1,-1,0,-1,0.101332,0.462581,-0.230517,1.79602
31,0,-1,-1,0,-1,0.101646,0.463774,-0.230655,1.79459
32,0,-1,-1,0,-1,0.101888,0.463684,-0.230533,1.79416
33,0,-1,-1,0,-1,0.102075,0.464554,-0.23064,1.79324
34,0,-1,-1,0,-1,0.102623,0.465948,-0.230729,1.79119
35,0,-1,-1,0,-1,0.102733,0.467104,-0.231015,1.78997
36,0,-1,-1,0,-1,0.102461,0.465894,-0.230816,1.79146
37,0,-1,-1,0,-1,0.102371,0.466151,-0.230794,1.79185
38,0,-1,-1,0,-1,0.102211,0.465159,-0.230564,1.79307
39,0,-1,-1,0,-1,0.101961,0.465471,-0.230685,1.79355
40,0,-1,-1,0,-1,0.104095,0.463367,-0.229832,1.78891
41,0,-1,-1,0,-1,0.106264,0.461939,-0.229145,1.78367
42,0,-1,-1,0,-1,0.108355,0.460788,-0.228558,1.77838
43,0,-1,-1,0,-1,0.110464,0.459757,-0.228034,1.77284
44,0,-1,-1,0,-1,0.112508,0.456755,-0.227075,1.76879
45,0,-1,-1,0,-1,0.112208,0.457149,-0.227295,1.76912
46,0,-1,-1,0,-1,0.11222,0.457013,-0.227318,1.76899
47,0,-1,-1,0,-1,0.112364,0.457451,-0.227355,1.76841
48,0,-1,-1,0,-1,0.112462,0.457257,-0.227231,1.76847
49,0,-1,-1,0,-1,0.112418,0.457533,-0.227262,1.76854
50,0,-1,-1,0,-1,0.112679,0.456795,-0.22701,1.76842
51,0,-1,-1,0,-1,0.112559,0.456949,-0.227045,1.76872
52,0,-1,-1,0,-1,0.112638,0.457204,-0.227175,1.76805
53,0,-1,-1,0,-1,0.112827,0.458102,-0.227293,1.76709
54,0,-1,-1,0,-1,0.113028,0.458991,-0.227485,1.76585
55,0,-1,-1,0,-1,0.11316,0.460052,-0.227684,1.76483
56,0,-1,-1,0,-1,0.113408,0.459868,-0.227558,1.76439
57,0,-1,-1,0,-1,0.113281,0.458438,-0.227283,1.76561
58,0,-1,-1,0,-1,0.113175,0.456569,-0.227024,1.76667
59,0,-1,-1,0,-1,0.113005,0.454909,-0.226702,1.76817
60,0,-1,-1,0,-1,0.112959,0.454103,-0.226513,1.76888
61,0,-1,-1,0,-1,0.112966,0.454308,-0.226543,1.76878
62,0,-1,-1,0,-1,0.113039,0.454754,-0.226511,1.76867
63,0,-1,-1,0,-1,0.113127,0.455617,-0.22659,1.76817
64,0,-1,-1,0,-1,0.113201,0.456205,-0.226644,1.76779
65,0,-1,-1,0,-1,0.113051,0.456321,-0.226722,1.76805
66,0,-1,-1,0,-1,0.112917,0.456543,-0.226862,1.76807
67,0,-1,-1,0,-1,0.112898,0.456547,-0.22689,1.76804
68,0,-1,-1,0,-1,0.11275,0.457199,-0.227071,1.76801
69,0,-1,-1,0,-1,0.112676,0.457206,-0.227159,1.76798
70,0,-1,-1,0,-1,0.112773,0.457067,-0.227037,1.76803
71,0,-1,-1,0,-1,0.113015,0.457058,-0.226913,1.76761
72,0,-1,-1,0,-1,0.113132,0.45686,-0.226908,1.76721
73,0,-1,-1,0,-1,0.113113,0.455976,-0.22679,1.7676
74,0,-1,-1,0,-1,0.113281,0.455615,-0.226591,1.76764
75,0,-1,-1,0,-1,0.113633,0.456977,-0.226779,1.76594
76,0,-1,-1,0,-1,0.11357,0.456678,-0.226764,1.76618
77,0,-1,-1,0,-1,0.113561,0.456506,-0.226686,1.76645
78,0,-1,-1,0,-1,0.113846,0.457844,-0.226809,1.76518
79,0,-1,-1,0,-1,0.113921,0.45931,-0.227128,1.764
80,0,-1,-1,0,-1,0.113813,0.458534,-0.227032,1.76462
81,0,-1,-1,0,-1,0.11375,0.458164,-0.226955,1.76505
82,0,-1,-1,0,-1,0.11404,0.459567,-0.227195,1.76339
83,0,-1,-1,0,-1,0.113797,0.458387,-0.227082,1.7645
84,0,-1,-1,0,-1,0.11379,0.458332,-0.227132,1.76436
85,0,-1,-1,0,-1,0.113607,0.457934,-0.227079,1.76512
86,0,-1,-1,0,-1,0.113955,0.459519,-0.227338,1.76321
87,0,-1,-1,0,-1,0.113897,0.459472,-0.227301,1.76353
88,0,-1,-1,0,-1,0.113902,0.459635,-0.227323,1.76345
89,0,-1,-1,0,-1,0.113999,0.460036,-0.227384,1.76295
90,0,-1,-1,0,-1,0.113985,0.459435,-0.227264,1.76335
91,0,-1,-1,0,-1,0.113538,0.458426,-0.227167,1.76511
92,0,-1,-1,0,-1,0.113203,0.457336,-0.227069,1.76648
93,0,-1,-1,0,-1,0.113253,0.457475,-0.227076,1.7663
94,0,-1,-1,0,-1,0.112974,0.456187,-0.226778,1.76813
95,0,-1,-1,0,-1,0.112935,0.45644,-0.226865,1.76799
96,0,-1,-1,0,-1,0.113397,0.457551,-0.226906,1.76637
97,0,-1,-1,0,-1,0.113836,0.458706,-0.227007,1.76463
98,0,-1,-1,0,-1,0.114158,0.460028,-0.227183,1.76306
99,0,-1,-1,0,-1,0.11451,0.461054,-0.227255,1.76171
100,0,-1,-1,0,-1,0.114604,0.461091,-0.227204,1.76156
101,0,-1,-1,0,-1,0.114637,0.460965,-0.227222,1.76138
102,0,-1,-1,0,-1,0.114236,0.459931,-0.227109,1.76303
103,0,-1,-1,0,-1,0.114149,0.459911,-0.227151,1.76319
104,0,-1,-1,0,-1,0.114156,0.459996,-0.22729,1.76272
105,0,-1,-1,0,-1,0.114236,0.460204,-0.227337,1.76231
106,0,-1,-1,0,-1,0.114159,0.460409,-0.227386,1.76243
107,0,-1,-1,0,-1,0.114544,0.461281,-0.227545,1.76067
108,0,-1,-1,0,-1,0.114381,0.459634,-0.227177,1.7623
109,0,-1,-1,0,-1,0.114311,0.459641,-0.227157,1.7626
110,0,-1,-1,0,-1,0.114397,0.460848,-0.227408,1.76158
111,0,-1,-1,0,-1,0.114421,0.460692,-0.227381,1.76158
112,0,-1,-1,0,-1,0.114068,0.459477,-0.227161,1.7634
113,0,-1,-1,0,-1,0.114224,0.460939,-0.22752,1.76181
114,0,-1,-1,0,-1,0.113996,0.459104,-0.227255,1.76331
115,0,-1,-1,0,-1,0.113336,0.459673,-0.227417,1.76507
116,0,-1,-1,0,-1,0.112275,0.459358,-0.227536,1.76827
117,0,-1,-1,0,-1,0.11157,0.460239,-0.227815,1.76982
118,0,-1,-1,0,-1,0.11052,0.459415,-0.227868,1.77316
119,0,-1,-1,0,-1,0.109896,0.459638,-0.227962,1.77499
120,0,-1,-1,0,-1,0.110052,0.459684,-0.227909,1.77464
121,0,-1,-1,0,-1,0.110171,0.458947,-0.227729,1.77477
122,0,-1,-1,0,-1,0.110231,0.458765,-0.227722,1.77457
123,0,-1,-1,0,-1,0.110207,0.458637,-0.227708,1.77469
124,0,-1,-1,0,-1,0.110174,0.459079,-0.22779,1.77457
125,0,-1,-1,0,-1,0.109755,0.458251,-0.227755,1.77604
126,0,-1,-1,0,-1,0.109679,0.458766,-0.227881,1.77593
127,0,-1,-1,0,-1,0.10965,0.458767,-0.227839,1.77616
128,0,-1,-1,0,-1,0.109984,0.460062,-0.227918,1.77487
129,0,-1,-1,0,-1,0.110006,0.460573,-0.227971,1.77466
130,0,-1,-1,0,-1,0.109897,0.460582,-0.22797,1.77503
131,0,-1,-1,0,-1,0.110036,0.460136,-0.227815,1.77503
132,0,-1,-1,0,-1,0.110085,0.45982,-0.227749,1.77505
133,0,-1,-1,0,-1,0.109967,0.45846,-0.227515,1.77612
134,0,-1,-1,0,-1,0.109944,0.458212,-0.227529,1.77613
135,0,-1,-1,0,-1,0.110155,0.458157,-0.227462,1.77563
136,0,-1,-1,0,-1,0.110069,0.458341,-0.227618,1.77543
137,0,-1,-1,0,-1,0.109991,0.458585,-0.227653,1.7756
138,0,-1,-1,0,-1,0.110151,0.458909,-0.227635,1.77514
139,0,-1,-1,0,-1,0.110261,0.459129,-0.227655,1.77471
140,0,-1,-1,0,-1,0.110139,0.458553,-0.227691,1.77497
141,0,-1,-1,0,-1,0.110162,0.458722,-0.227601,1.77519
142,0,-1,-1,0,-1,0.110131,0.458332,-0.227545,1.77545
143,0,-1,-1,0,-1,0.109955,0.457905,-0.227604,1.77583
144,0,-1,-1,0,-1,0.109828,0.457318,-0.22752,1.77649
145,0,-1,-1,0,-1,0.110149,0.45847,-0.227609,1.77519
146,0,-1,-1,0,-1,0.110262,0.458881,-0.227694,1.77456
147,0,-1,-1,0,-1,0.110348,0.458821,-0.227663,1.77437
148,0,-1,-1,0,-1,0.110395,0.459005,-0.22764,1.77429
149,0,-1,-1,0,-1,0.110511,0.459687,-0.227707,1.77373
150,0,-1,-1,0,-1,0.110425,0.458205,-0.227374,1.775
151,0,-1,-1,0,-1,0.110478,0.457995,-0.22734,1.77491
152,0,-1,-1,0,-1,0.110731,0.459629,-0.22761,1.7733
153,0,-1,-1,0,-1,0.110815,0.459654,-0.227553,1.7732
154,0,-1,-1,0,-1,0.110738,0.459143,-0.227519,1.77354
155,0,-1,-1,0,-1,0.110729,0.459822,-0.227632,1.77325
156,0,-1,-1,0,-1,0.110652,0.459593,-0.227633,1.77349
157,0,-1,-1,0,-1,0.110343,0.458469,-0.227582,1.77462
158,0,-1,-1,0,-1,0.11013,0.45811,-0.227616,1.77521
159,0,-1,-1,0,-1,0.110156,0.45791,-0.227496,1.7755
160,0,-1,-1,0,-1,0.110104,0.458089,-0.227586,1.77539
161,0,-1,-1,0,-1,0.109989,0.457936,-0.227587,1.77577
162,0,-1,-1,0,-1,0.110142,0.457361,-0.227364,1.77593
163,0,-1,-1,0,-1,0.110262,0.457506,-0.227321,1.77568
164,0,-1,-1,0,-1,0.110308,0.45768,-0.227422,1.7752
165,0,-1,-1,0,-1,0.110225,0.457354,-0.227405,1.77551
166,0,-1,-1,0,-1,0.110124,0.4576,-0.227514,1.77552
167,0,-1,-1,0,-1,0.110171,0.458533,-0.227632,1.77505
168,0,-1,-1,0,-1,0.110122,0.458425,-0.227603,1.7753
169,0,-1,-1,0,-1,0.110023,0.458235,-0.227642,1.7755
170,0,-1,-1,0,-1,0.110093,0.458141,-0.22763,1.77529
171,0,-1,-1,0,-1,0.110335,0.4575,-0.227391,1.7752
172,0,-1,-1,0,-1,0.110373,0.457259,-0.227398,1.77503
173,0,-1,-1,0,-1,0.110552,0.457334,-0.227398,1.77442
174,0,-1,-1,0,-1,0.110526,0.457549,-0.227418,1.77447
175,0,-1,-1,0,-1,0.110558,0.457486,-0.22742,1.77435
176,0,-1,-1,0,-1,0.110492,0.458174,-0.227558,1.77417
177,0,-1,-1,0,-1,0.110162,0.457906,-0.227624,1.77506
178,0,-1,-1,0,-1,0.109909,0.457584,-0.227645,1.77583
179,0,-1,-1,0,-1,0.109837,0.456154,-0.227258,1.77722
180,0,-1,-1,0,-1,0.109785,0.455781,-0.227171,1.77766
181,0,-1,-1,0,-1,0.109828,0.45734,-0.227537,1.77644
182,0,-1,-1,0,-1,0.109956,0.457383,-0.227524,1.77605
183,0,-1,-1,0,-1,0.110019,0.457388,-0.227473,1.776
184,0,-1,-1,0,-1,0.110118,0.458991,-0.227906,1.77437
185,0,-1,-1,0,-1,0.110035,0.45881,-0.227873,1.77475
186,0,-1,-1,0,-1,0.109874,0.456831,-0.227493,1.77639
187,0,-1,-1,0,-1,0.110192,0.458053,-0.227634,1.77494
188,0,-1,-1,0,-1,0.110209,0.458549,-0.227761,1.7745
189,0,-1,-1,0,-1,0.109761,0.459009,-0.227919,1.77555
190,0,-1,-1,0,-1,0.10918,0.458687,-0.228006,1.77722
191,0,-1,-1,0,-1,0.108628,0.458056,-0.227916,1.77934
192,0,-1,-1,0,-1,0.107708,0.455811,-0.227617,1.78327
193,0,-1,-1,0,-1,0.107114,0.45508,-0.227563,1.78541
194,0,-1,-1,0,-1,0.107198,0.454122,-0.227222,1.78617
195,0,-1,-1,0,-1,0.107143,0.454163,-0.22716,1.78655
196,0,-1,-1,0,-1,0.107199,0.454227,-0.227175,1.78632
197,0,-1,-1,0,-1,0.107131,0.454249,-0.22723,1.78638
198,0,-1,-1,0,-1,0.107124,0.454217,-0.227215,1.78644
199,0,-1,-1,0,-1,0.107057,0.454223,-0.227359,1.7862
200,0,-1,-1,0,-1,0.106977,0.454412,-0.227488,1.78607
201,0,-1,-1,0,-1,0.106794,0.454369,-0.227502,1.78665
202,0,-1,-1,0,-1,0.106704,0.454405,-0.227525,1.78688
203,0,-1,-1,0,-1,0.106722,0.454451,-0.227536,1.78678
204,0,-1,-1,0,-1,0.106408,0.4541,-0.227562,1.78774
205,0,-1,-1,0,-1,0.106658,0.454636,-0.227604,1.7868
206,0,-1,-1,0,-1,0.106817,0.454382,-0.227543,1.78643
207,0,-1,-1,0,-1,0.106914,0.455513,-0.22788,1.7851
208,0,-1,-1,0,-1,0.107014,0.456275,-0.228099,1.7841
209,0,-1,-1,0,-1,0.10694,0.456451,-0.228097,1.78437
210,0,-1,-1,0,-1,0.106825,0.455515,-0.22791,1.7853
211,0,-1,-1,0,-1,0.106694,0.455875,-0.228,1.78548
212,0,-1,-1,0,-1,0.106789,0.455907,-0.227915,1.78543
213,0,-1,-1,0,-1,0.10665,0.456823,-0.228113,1.78533
214,0,-1,-1,0,-1,0.106855,0.456225,-0.227917,1.78523
215,0,-1,-1,0,-1,0.106795,0.456205,-0.227864,1.7856
216,0,-1,-1,0,-1,0.106755,0.455616,-0.227852,1.78573
217,0,-1,-1,0,-1,0.106725,0.45517,-0.227729,1.7862
218,0,-1,-1,0,-1,0.106721,0.454737,-0.227609,1.78657
219,0,-1,-1,0,-1,0.106643,0.455974,-0.22801,1.78562
220,0,-1,-1,0,-1,0.106573,0.45569,-0.228065,1.78566
221,0,-1,-1,0,-1,0.106488,0.456215,-0.22817,1.78565
222,0,-1,-1,0,-1,0.106401,0.455389,-0.22804,1.78631
223,0,-1,-1,0,-1,0.106417,0.45401,-0.227686,1.7873
224,0,-1,-1,0,-1,0.106397,0.45302,-0.227354,1.78837
225,0,-1,-1,0,-1,0.106488,0.453536,-0.227362,1.78808
226,0,-1,-1,0,-1,0.106634,0.454404,-0.227564,1.78699
227,0,-1,-1,0,-1,0.106712,0.454087,-0.227418,1.78718
228,0,-1,-1,0,-1,0.106678,0.454135,-0.227496,1.78704
229,0,-1,-1,0,-1,0.10664,0.454192,-0.227561,1.78696
230,0,-1,-1,0,-1,0.106676,0.45456,-0.227757,1.78623
231,0,-1,-1,0,-1,0.106775,0.454366,-0.22762,1.78633
232,0,-1,-1,0,-1,0.10669,0.454594,-0.227701,1.78637
233,0,-1,-1,0,-1,0.106574,0.45436,-0.227708,1.78672
234,3,0,0,0,0,0.106592,0.454138,-0.227638,1.78687
235,1,0,0,0.00171138,0,0.106473,0.453427,-0.227434,1.78789
236,1,0,0,0.00258875,0,0.106411,0.45247,-0.227215,1.78874
237,1,0,0,0.00151622,0,0.106237,0.453502,-0.227402,1.7888
238,1,0,0,0.00143901,0,0.106067,0.454746,-0.227661,1.78863
239,1,0,0,0.00162206,0,0.105854,0.455165,-0.227902,1.7886
240,1,0,0,0.00120889,0,0.105529,0.453707,-0.227878,1.78968
241,1,0,0,0,0,0.105197,0.45359,-0.228488,1.78881
242,1,0,0,0.00222971,0,0.104759,0.453674,-0.229398,1.78735
243,1,0,0,0.00333839,0,0.104542,0.453241,-0.230047,1.78595
244,1,0,0,0.00325587,0,0.104375,0.452604,-0.230335,1.78554
245,1,0,0,0.00434153,0,0.104297,0.453921,-0.231053,1.78357
246,1,0,0,0.00389779,0,0.104128,0.45459,-0.231454,1.78289
247,1,0,0,0.0013582,0,0.104413,0.452765,-0.230761,1.78404
248,1,0,0,0.00116778,0,0.104493,0.452358,-0.230704,1.78392
249,1,0,0,0.00117539,0,0.104424,0.452078,-0.230766,1.78393
250,1,0,0,0.00157391,0,0.10433,0.452,-0.230625,1.7847
251,1,0,0,0.00103503,0,0.104261,0.452335,-0.230669,1.78482
252,1,0,0,0.00181945,0,0.104122,0.453809,-0.231276,1.78343
253,1,0,0,0.00221205,0,0.104004,0.454333,-0.231509,1.78311
254,1,0,0,0.00363008,0,0.103793,0.455768,-0.232087,1.78206
255,1,0,0,0.00301467,0,0.103649,0.455771,-0.232323,1.78178
256,1,0,0,0.00224869,0,0.103575,0.455645,-0.23251,1.78142
257,1,0,0,0,0,0.103451,0.45485,-0.232384,1.78219
258,1,0,0,0.00191058,0,0.103349,0.45382,-0.23211,1.78335
259,1,0,0,0.00353499,0,0.103624,0.452402,-0.231522,1.78422
260,1,0,0,0.00339957,0,0.104635,0.451838,-0.230537,1.78394
261,1,0,0,0.00655563,0,0.106999,0.448932,-0.227716,1.78485
262,1,0,0,0.00948055,0,0.110928,0.44616,-0.223713,1.7843
263,1,0,0,0.0132231,0,0.116093,0.442603,-0.218703,1.78276
264,1,0,0,0.0168441,0,0.121988,0.438697,-0.21302,1.78089
265,1,0,0,0.0209924,0,0.128147,0.432427,-0.207191,1.77842
266,1,0,0,0.0235201,0,0.133976,0.426289,-0.202198,1.77438
267,1,0,0,0.0267371,0,0.13921,0.41782,-0.198071,1.76937
268,1,0,0,0.0302451,0,0.143229,0.406475,-0.19433,1.76703
269,1,0,0,0.0346075,0,0.146797,0.393373,-0.191251,1.76394
270,1,0,0,0.038682,0,0.149628,0.379156,-0.188968,1.7607
271,1,0,4,0.0431543,2,0.151791,0.363166,-0.187184,1.75797
272,1,0,4,0.045397,2,0.153495,0.348103,-0.186391,1.75365
273,1,0,4,0.0481074,2,0.154832,0.331786,-0.186399,1.74788
274,1,0,4,0.0525877,2,0.155534,0.312878,-0.187263,1.74131
275,1,0,4,0.0562239,2,0.156012,0.293832,-0.188547,1.73412
276,1,0,4,0.0606079,2,0.155847,0.272848,-0.190454,1.72695
277,1,0,4,0.0652426,2,0.154657,0.249465,-0.192568,1.72242
278,1,0,4,0.0684842,2,0.15418,0.227346,-0.195363,1.71334
279,1,0,4,0.0703611,2,0.153609,0.204926,-0.197931,1.7053
280,1,0,4,0.0714991,2,0.153097,0.182653,-0.200599,1.69674
281,1,0,4,0.070222,2,0.151725,0.161797,-0.203798,1.68949
282,1,0,4,0.0678649,2,0.150417,0.142685,-0.207396,1.68085
283,1,0,4,0.0642284,2,0.147459,0.124543,-0.211859,1.67509
284,1,0,4,0.0604332,2,0.144051,0.107694,-0.216786,1.66944
285,1,0,4,0.0560393,2,0.139435,0.0919438,-0.222128,1.66662
286,1,0,4,0.0521774,2,0.13414,0.0771811,-0.227828,1.66503
287,1,0,4,0.0495967,2,0.12871,0.0622616,-0.233137,1.66515
288,1,0,4,0.0474414,2,0.123093,0.0478346,-0.237695,1.66838
289,1,0,4,0.0448279,2,0.116331,0.0358291,-0.242775,1.67399
290,1,0,4,0.0420826,2,0.109674,0.0254163,-0.247957,1.67903
291,1,0,4,0.0394534,2,0.103355,0.0162847,-0.252385,1.68546
292,1,0,4,0.0369172,2,0.0969569,0.00889607,-0.256519,1.69324
293,1,0,4,0.0337652,2,0.0914316,0.00302866,-0.259955,1.70043
294,1,0,4,0.0294712,2,0.0865648,-0.00108194,-0.263266,1.70592
295,1,0,4,0.025866,2,0.0820047,-0.00398122,-0.266204,1.71166
296,1,0,4,0.0210012,2,0.0781738,-0.00534487,-0.269079,1.71524
297,1,0,4,0.0176728,2,0.0740776,-0.00568292,-0.272144,1.71919
298,1,0,4,0.0163132,2,0.0697407,-0.00546581,-0.275309,1.72367
299,1,4,4,0.0166419,2,0.0656903,-0.00519665,-0.277803,1.72935
300,1,4,4,0.0177795,2,0.0608136,-0.00424019,-0.281159,1.7351
301,1,4,4,0.0199352,2,0.0554706,-0.00345974,-0.284671,1.74191
302,1,4,4,0.0189854,2,0.0510406,-0.0020751,-0.288143,1.7458
303,1,4,4,0.0169643,2,0.0476712,-0.00106707,-0.290691,1.74905
304,1,4,4,0.0138877,2,0.0452104,-0.000617231,-0.292611,1.75121
305,1,4,4,0.00988624,2,0.0442683,-0.000592377,-0.293209,1.75247
306,1,4,4,0.00569744,2,0.0443755,-0.000676331,-0.293007,1.75276
307,1,4,4,0.00593252,2,0.0443763,-0.00222212,-0.291958,1.75605
308,1,4,4,0.00586991,2,0.0444394,-0.00299659,-0.291348,1.75776
309,1,4,4,0.00681003,2,0.0444867,-0.00403115,-0.290567,1.76006
310,1,4,4,0.0109989,2,0.0447544,-0.00669532,-0.288636,1.76522
311,1,4,4,0.0144141,2,0.0453257,-0.00991891,-0.286405,1.77029
312,1,4,4,0.015362,2,0.0458948,-0.0123978,-0.284501,1.77436
313,1,4,4,0.0165534,2,0.0464267,-0.0153222,-0.282523,1.77876
314,1,4,4,0.0176152,2,0.0468597,-0.0182392,-0.280431,1.78387
315,1,4,4,0.0165093,2,0.0467609,-0.0202275,-0.279188,1.7881
316,1,4,4,0.0165763,2,0.046729,-0.0225945,-0.277638,1.79307
317,1,4,4,0.0169104,2,0.0469061,-0.0252287,-0.275886,1.79796
318,1,4,4,0.0174303,2,0.0470214,-0.0280275,-0.274103,1.80316
319,1,4,4,0.0173009,2,0.0472689,-0.030632,-0.272348,1.80782
320,1,4,4,0.015504,2,0.0476234,-0.0328851,-0.271043,1.81069
321,1,4,4,0.0146417,2,0.0477777,-0.0351556,-0.269685,1.81441
322,1,4,4,0.0136767,2,0.0485306,-0.0380956,-0.267997,1.81712
323,1,4,4,0.0136117,2,0.0493188,-0.0417611,-0.266248,1.81985
324,1,4,4,0.0162207,2,0.05093,-0.0474313,-0.26335,1.82337
325,1,4,4,0.0223403,2,0.0533295,-0.05536,-0.258769,1.82952
326,1,4,4,0.0265518,2,0.0561324,-0.0636018,-0.254169,1.83433
327,1,4,4,0.028501,2,0.0582837,-0.0708729,-0.25027,1.83914
328,1,4,1,0.0288194,0,0.060318,-0.0774878,-0.246521,1.84392
329,1,4,1,0.0248671,0,0.0612795,-0.0815594,-0.244459,1.84705
330,1,4,1,0.0151912,0,0.0611771,-0.0817308,-0.244878,1.84603
331,1,4,1,0.00567805,0,0.0603669,-0.0802163,-0.246443,1.84381
332,1,4,1,0.0017923,0,0.0589259,-0.0787663,-0.248132,1.84333
333,1,4,4,0.00933475,2,0.0572417,-0.0741257,-0.251153,1.83958
334,1,4,4,0.0158053,2,0.0551392,-0.0685576,-0.254786,1.83533
335,1,4,4,0.0202416,2,0.0533995,-0.0624182,-0.258222,1.83054
336,1,4,4,0.0223548,2,0.0516631,-0.0556893,-0.261093,1.82761
337,1,4,4,0.027173,2,0.0507744,-0.0469349,-0.26428,1.82092
338,1,4,4,0.0256718,2,0.0498382,-0.0406173,-0.266167,1.81843
339,1,4,4,0.0255687,2,0.0496114,-0.0340479,-0.268065,1.81352
340,1,4,4,0.0210019,2,0.04915,-0.0300643,-0.268929,1.81258
341,1,4,4,0.0200445,2,0.0488576,-0.0254012,-0.270818,1.80778
342,1,4,4,0.0171411,2,0.048242,-0.0221318,-0.272417,1.80491
343,1,4,4,0.0166506,2,0.0476204,-0.0186203,-0.274383,1.8009
344,1,4,4,0.0155182,2,0.0470048,-0.0153234,-0.27601,1.79795
345,1,4,4,0.0197769,2,0.0468031,-0.00992649,-0.27859,1.79065
346,1,4,4,0.0229675,2,0.0466921,-0.00437095,-0.281063,1.7834
347,1,4,4,0.0253715,2,0.0463534,0.00115659,-0.283645,1.77657
348,1,4,4,0.0280665,2,0.046538,0.00668225,-0.286173,1.76814
349,1,4,4,0.0285811,2,0.0464916,0.011713,-0.288559,1.76092
350,1,4,4,0.0265089,2,0.0461962,0.0155744,-0.29079,1.75496
351,1,4,4,0.0224267,2,0.04558,0.0178695,-0.29274,1.75089
352,1,4,4,0.0186014,2,0.0452278,0.0194436,-0.294326,1.74705
353,1,4,4,0.015197,2,0.0436775,0.0212188,-0.296795,1.74443
354,1,4,4,0.014777,2,0.0423992,0.0232706,-0.299518,1.74008
355,1,4,4,0.0106425,2,0.0411806,0.0234325,-0.300916,1.73969
356,1,4,4,0.00701342,2,0.040558,0.023239,-0.301559,1.73971
357,1,4,4,0.0040254,2,0.0399478,0.0229701,-0.302032,1.74023
358,1,4,4,0.00228772,2,0.0402647,0.0214244,-0.300984,1.74244
359,1,4,4,0.00799524,2,0.0405955,0.0189435,-0.299134,1.74714
360,1,4,4,0.0116011,2,0.0410688,0.0161674,-0.297326,1.7512
361,1,4,4,0.0174829,2,0.0417173,0.0111622,-0.294518,1.75775
362,1,4,4,0.0214501,2,0.0425062,0.00630551,-0.291615,1.76414
363,1,4,4,0.0229184,2,0.0434597,0.00145986,-0.288876,1.76944
364,1,4,4,0.0256221,2,0.0447303,-0.00503244,-0.285382,1.77599
365,1,4,4,0.0265316,2,0.0456304,-0.0108719,-0.282448,1.78204
366,1,4,4,0.0275237,2,0.0464174,-0.0167712,-0.279314,1.78911
367,1,4,4,0.0276001,2,0.0469138,-0.0224816,-0.276678,1.79557
368,1,4,4,0.0278432,2,0.0474538,-0.0282859,-0.273922,1.80226
369,1,4,4,0.0260979,2,0.0476793,-0.0328578,-0.271825,1.80797
370,1,4,4,0.0235155,2,0.0480509,-0.0368269,-0.269948,1.81251
371,1,4,4,0.0172604,2,0.0479487,-0.0384638,-0.269593,1.81389
372,1,4,4,0.0132238,2,0.0484713,-0.0404611,-0.26847,1.81561
373,1,4,4,0.0123146,2,0.048315,-0.0435792,-0.267508,1.81904
374,1,4,4,0.0117186,2,0.048224,-0.0464832,-0.266672,1.82185
375,1,4,4,0.0133565,2,0.0483717,-0.0504084,-0.265251,1.82568
376,1,4,4,0.0154747,2,0.0486876,-0.054906,-0.26368,1.82938
377,1,4,4,0.0168478,2,0.0487504,-0.0598142,-0.262464,1.83276
378,1,4,4,0.0153956,2,0.0492975,-0.0635126,-0.261431,1.83398
379,1,4,4,0.0145768,2,0.0493914,-0.0673217,-0.260668,1.83586
380,1,4,4,0.0118559,2,0.0496331,-0.0697956,-0.260245,1.83623
381,1,4,4,0.00926845,2,0.049215,-0.0714946,-0.260329,1.83725
382,1,4,4,0.00637807,2,0.0484596,-0.0720765,-0.260848,1.83809
383,1,4,4,0.00364347,2,0.0474826,-0.0712782,-0.261667,1.83881
384,1,4,4,0.00250106,2,0.0466795,-0.0699872,-0.262474,1.83902
385,1,4,4,0.00416895,2,0.045388,-0.0680235,-0.263841,1.83911
386,1,4,4,0.00716916,2,0.0445684,-0.0646042,-0.265469,1.83686
387,1,4,4,0.010378,2,0.0436615,-0.0611706,-0.267473,1.83368
388,1,4,4,0.0120674,2,0.0426943,-0.0583693,-0.269408,1.83089
389,1,4,4,0.0128519,2,0.0417939,-0.0559233,-0.271284,1.82804
390,1,4,4,0.00996036,2,0.0408747,-0.0555627,-0.272413,1.82752
391,1,4,4,0.00600051,2,0.0402375,-0.0560798,-0.272968,1.82785
392,1,4,4,0.00360583,2,0.0402015,-0.0559102,-0.273145,1.82741
393,1,4,4,0.00119867,2,0.0400353,-0.0563664,-0.27304,1.82828
394,1,4,4,0,2,0.0400457,-0.0562341,-0.272976,1.82846
395,1,4,4,0.00109424,2,0.0404887,-0.0550904,-0.272882,1.82735
396,1,4,4,0,2,0.040692,-0.0559202,-0.272281,1.82855
397,1,4,4,0.00408896,2,0.0407975,-0.057554,-0.271259,1.83139
398,1,4,4,0.00358975,2,0.0416925,-0.0578866,-0.270376,1.83119
399,1,4,4,0.00334647,2,0.0425636,-0.0582457,-0.269533,1.83094
400,1,4,4,0.00278389,2,0.0434221,-0.0585103,-0.268968,1.82984
401,1,4,4,0.00342164,2,0.0442802,-0.0571761,-0.268848,1.82741
402,1,4,4,0.00564395,2,0.0451888,-0.055577,-0.268635,1.82513
403,1,4,4,0.00481395,2,0.0461435,-0.0555683,-0.267752,1.82475
404,1,4,4,0.00326132,2,0.0469277,-0.0556217,-0.266703,1.82549
405,1,4,4,0.00322365,2,0.0481901,-0.0555425,-0.265103,1.8264
406,1,4,4,0.00506498,2,0.0502154,-0.055968,-0.26263,1.82752
407,1,4,4,0.00664595,2,0.0522366,-0.0565047,-0.26017,1.8286
408,1,4,4,0.00665975,2,0.0544711,-0.0559901,-0.257996,1.8281
409,1,4,4,0.00697378,2,0.0573003,-0.0555693,-0.255632,1.82619
410,1,4,4,0.00808805,2,0.0604489,-0.0551101,-0.253075,1.82383
411,1,4,4,0.0112077,2,0.0659659,-0.055834,-0.247933,1.82172
412,1,4,1,0.0165595,0,0.0744725,-0.0574533,-0.239637,1.81963
413,1,4,1,0.0200657,0,0.0823581,-0.0585733,-0.232055,1.81737
414,1,4,1,0.0225613,0,0.0904421,-0.0592264,-0.22429,1.81507
415,1,4,1,0.0238226,0,0.0984092,-0.0593682,-0.216858,1.81211
416,1,4,1,0.021646,0,0.103668,-0.0577775,-0.212831,1.80743
417,1,4,1,0.0175488,0,0.105356,-0.0551608,-0.212663,1.80243
418,1,4,1,0.0153239,0,0.106408,-0.0528131,-0.212923,1.79819
419,1,4,1,0.0141108,0,0.107473,-0.0511185,-0.212982,1.7945
420,1,4,1,0.0129515,0,0.108585,-0.0496077,-0.212836,1.7913
421,1,4,1,0.0111801,0,0.109751,-0.048522,-0.212451,1.78867
422,1,4,1,0.00978351,0,0.111216,-0.0475121,-0.211725,1.78612
423,1,4,1,0.0095957,0,0.114583,-0.0470137,-0.209079,1.78331
424,1,4,1,0.0100885,0,0.117614,-0.0462298,-0.206825,1.78038
425,1,4,1,0.0108555,0,0.120385,-0.0451202,-0.204976,1.77705
426,1,4,1,0.0113594,0,0.122415,-0.0432922,-0.203959,1.77358
427,1,4,1,0.0118988,0,0.125167,-0.0416125,-0.202149,1.77023
428,1,4,1,0.0118386,0,0.128046,-0.0403585,-0.200086,1.76724
429,1,4,1,0.0124452,0,0.132186,-0.039811,-0.196799,1.76388
430,1,4,1,0.0128872,0,0.136655,-0.0400317,-0.193003,1.761
431,1,4,1,0.0152243,0,0.143224,-0.041861,-0.186957,1.75818
432,1,4,1,0.018647,0,0.150628,-0.0444518,-0.180309,1.75442
433,1,4,1,0.0216588,0,0.157969,-0.0475625,-0.174005,1.74971
434,1,4,1,0.0240439,0,0.165243,-0.0512666,-0.167976,1.74429
435,1,4,1,0.027657,0,0.174301,-0.0566832,-0.160011,1.73898
436,1,4,1,0.0302219,0,0.182941,-0.0629672,-0.152531,1.73344
437,1,4,1,0.032578,0,0.191643,-0.0702912,-0.144951,1.72794
438,1,4,1,0.0357907,0,0.20178,-0.078978,-0.135511,1.72351
439,1,4,1,0.0363008,0,0.209463,-0.0877126,-0.128427,1.71977
440,1,4,1,0.0383804,0,0.21899,-0.097562,-0.119486,1.7157
441,1,4,1,0.0401302,0,0.228542,-0.107732,-0.110507,1.71165
442,1,4,1,0.0426591,0,0.239226,-0.11883,-0.100175,1.70808
443,1,4,1,0.0447901,0,0.249794,-0.130457,-0.0901568,1.70384
444,1,4,1,0.0496564,0,0.263691,-0.143397,-0.0765347,1.6999
445,1,4,1,0.050673,0,0.275003,-0.155428,-0.0659929,1.69481
446,1,4,1,0.0504745,0,0.285088,-0.167554,-0.0570411,1.68872
447,1,4,1,0.0504211,0,0.295571,-0.180011,-0.0475018,1.68315
448,1,4,1,0.0479574,0,0.303272,-0.191824,-0.0407676,1.67798
449,1,4,1,0.0453882,0,0.309359,-0.203913,-0.0358448,1.6724
450,1,4,1,0.0443293,0,0.316073,-0.216532,-0.0297604,1.66841
451,1,4,1,0.0444236,0,0.323956,-0.229659,-0.0218623,1.66631
452,1,4,1,0.044759,0,0.331827,-0.242717,-0.013796,1.6648
453,1,4,1,0.0448595,0,0.339004,-0.255403,-0.00719033,1.66093
454,1,4,1,0.0447792,0,0.346185,-0.267972,-0.0005932,1.65703
455,1,4,1,0.0443945,0,0.352021,-0.280888,0.0041382,1.65161
456,1,4,1,0.0446632,0,0.358202,-0.293702,0.00865831,1.64434
457,1,4,1,0.0448186,0,0.362892,-0.306606,0.0116041,1.63703
458,1,4,1,0.0455899,0,0.368658,-0.32105,0.016814,1.63329
459,1,4,1,0.0467873,0,0.374375,-0.33646,0.0224666,1.63109
460,1,4,1,0.047271,0,0.378143,-0.352028,0.0265437,1.63038
461,1,4,1,0.0480818,0,0.379398,-0.36853,0.0289505,1.63272
462,1,4,1,0.048901,0,0.378305,-0.385057,0.0292784,1.6363
463,1,4,1,0.0493603,0,0.375169,-0.401296,0.0276484,1.64047
464,1,4,1,0.0497316,0,0.369276,-0.41707,0.0232341,1.64501
465,1,4,1,0.0502631,0,0.361714,-0.43246,0.0169846,1.64929
466,1,4,1,0.0503138,0,0.352798,-0.446938,0.00915131,1.6531
467,1,4,1,0.0519135,0,0.34139,-0.461803,-0.00144957,1.65636
468,1,4,1,0.0532497,0,0.328453,-0.475406,-0.0137742,1.65931
469,1,4,1,0.0550916,0,0.31434,-0.488859,-0.0274272,1.66195
470,1,4,1,0.0564374,0,0.299656,-0.50164,-0.0412926,1.6659
471,1,4,1,0.0578532,0,0.28358,-0.513639,-0.0567075,1.66959
472,1,4,1,0.0584074,0,0.267016,-0.524553,-0.0725663,1.67359
473,1,4,1,0.0590587,0,0.250038,-0.535059,-0.089593,1.67523
474,1,4,1,0.0591807,0,0.232569,-0.544212,-0.106944,1.67759
475,1,4,1,0.0596882,0,0.214412,-0.552468,-0.125392,1.67878
476,1,4,1,0.0596208,0,0.196577,-0.559932,-0.143749,1.67924
477,1,4,1,0.0589154,0,0.179252,-0.565981,-0.161977,1.67849
478,1,4,1,0.0583791,0,0.162276,-0.571188,-0.180461,1.67578
479,1,4,1,0.0553115,0,0.146883,-0.575415,-0.19641,1.67599
480,1,1,1,0.0526252,0,0.132776,-0.578789,-0.212134,1.67262
481,1,1,1,0.04839,0,0.11963,-0.580972,-0.225952,1.67227
482,1,1,1,0.0443516,0,0.107874,-0.582318,-0.238795,1.67042
483,1,1,1,0.038227,0,0.0974918,-0.582933,-0.248621,1.67375
484,1,1,1,0.035428,0,0.087375,-0.583164,-0.259668,1.67224
485,1,1,1,0.0318184,0,0.0780086,-0.582769,-0.268744,1.67463
486,1,1,1,0.0293076,0,0.0699842,-0.582021,-0.277659,1.67301
487,1,1,1,0.0274935,0,0.0618476,-0.581207,-0.286151,1.67314
488,1,1,1,0.0259578,0,0.055094,-0.580002,-0.293906,1.671
489,1,1,1,0.024502,0,0.049033,-0.578223,-0.301069,1.66847
490,1,1,1,0.0212606,0,0.0442218,-0.576556,-0.306062,1.66873
491,1,1,1,0.0185848,0,0.0400789,-0.575106,-0.310731,1.66775
492,1,1,1,0.0155461,0,0.0376758,-0.57377,-0.313903,1.66571
493,1,1,1,0.0127821,0,0.0359174,-0.572909,-0.316398,1.66365
494,1,1,1,0.0097228,0,0.0353579,-0.572318,-0.317504,1.662
495,1,1,1,0.0105347,0,0.0351057,-0.571721,-0.319184,1.65745
496,1,1,1,0.00857221,0,0.0353863,-0.571753,-0.319401,1.65579
497,1,1,1,0.00618028,0,0.0358458,-0.571935,-0.319142,1.65506
498,1,1,1,0.00505045,0,0.0364428,-0.57198,-0.31891,1.65378
499,1,1,1,0.00341624,0,0.0370904,-0.572181,-0.31833,1.65344
500,1,1,1,0.00283719,0,0.0381992,-0.572565,-0.317328,1.6529
501,1,1,1,0.00268775,0,0.0390678,-0.572993,-0.316359,1.65306
502,1,1,1,0.00330459,0,0.0404546,-0.573258,-0.315126,1.65234
503,1,1,1,0.00412549,0,0.0422403,-0.573536,-0.313444,1.65171
504,1,1,1,0.00449145,0,0.0438065,-0.573717,-0.311948,1.65123
505,1,1,1,0.0047138,0,0.045452,-0.573493,-0.310336,1.65089
506,1,1,1,0.00488291,0,0.0470514,-0.573121,-0.30898,1.64988
507,1,1,1,0.00435227,0,0.0480237,-0.572806,-0.307674,1.65084
508,1,1,1,0.00383572,0,0.0487542,-0.572597,-0.306744,1.6514
509,1,1,1,0.00335803,0,0.0495309,-0.572485,-0.305907,1.65148
510,1,1,1,0.00248832,0,0.0496893,-0.572604,-0.305635,1.65182
511,1,1,1,0.00177207,0,0.0502236,-0.572453,-0.305247,1.65127
512,1,1,1,0.00166383,0,0.0504019,-0.572576,-0.305487,1.64988
513,1,1,1,0.00112128,0,0.0503591,-0.572554,-0.305464,1.6501
514,1,1,1,0,0,0.0504516,-0.572524,-0.30542,1.64993
515,1,1,1,0,0,0.0507113,-0.572414,-0.305196,1.64978
516,1,1,1,0,0,0.0506492,-0.572411,-0.305211,1.64995
517,1,1,1,0,0,0.0509152,-0.572293,-0.304971,1.64983
518,1,1,1,0,0,0.0511659,-0.572183,-0.304803,1.64953
519,1,1,1,0,0,0.0511215,-0.572313,-0.304803,1.64967
520,1,1,1,0,0,0.0508895,-0.572626,-0.304936,1.65001
521,1,1,1,0,0,0.0507318,-0.572902,-0.305047,1.65016
522,1,1,1,0,0,0.0505789,-0.572921,-0.305226,1.6501
523,1,1,1,0,0,0.0503913,-0.573147,-0.305375,1.65024
524,2,1,1,0,0,0.0502606,-0.573228,-0.305443,1.65046
525,0,1,1,0,0,0.0502582,-0.573179,-0.305499,1.65029
526,0,1,1,0,0,0.0501865,-0.573103,-0.305498,1.65054
527,0,1,1,0,0,0.0503164,-0.573047,-0.305321,1.65068
528,0,1,1,0,0,0.0501448,-0.573108,-0.305561,1.65047
529,0,1,1,0,0,0.0500786,-0.573133,-0.305336,1.65143
530,0,1,1,0,0,0.050288,-0.573043,-0.305147,1.65134
531,0,1,1,0,0,0.0505142,-0.573005,-0.305064,1.65084
532,0,1,1,0,0,0.0507235,-0.572944,-0.304886,1.65071
533,0,1,1,0,0,0.0509839,-0.572671,-0.304533,1.65099
534,0,1,1,0,0,0.0511976,-0.572423,-0.304567,1.65017
535,0,1,1,0,0,0.0511,-0.57236,-0.304462,1.65085
536,0,1,1,0,0,0.0510768,-0.572287,-0.304259,1.65159
537,0,1,1,0,0,0.0508884,-0.572323,-0.304518,1.65139
538,0,1,1,0,0,0.0508433,-0.572469,-0.304689,1.65098
539,0,1,1,0,0,0.050742,-0.57249,-0.30483,1.65086
540,0,1,1,0,0,0.0508564,-0.572382,-0.304919,1.65019
541,0,1,1,0,0,0.0507841,-0.57243,-0.305188,1.64956
542,0,1,1,0,0,0.0510475,-0.572182,-0.304755,1.65009
543,0,1,1,0,0,0.0511422,-0.572071,-0.304537,1.65048
544,0,1,1,0,0,0.0510727,-0.57219,-0.304621,1.65044
545,0,1,1,0,0,0.0509335,-0.572466,-0.304593,1.65098
546,0,1,1,0,0,0.0506189,-0.572746,-0.304747,1.65153
547,0,1,1,0,0,0.0504127,-0.572895,-0.305066,1.65119
548,0,1,1,0,0,0.050411,-0.572885,-0.305059,1.65122
549,0,1,1,0,0,0.0509922,-0.572402,-0.304728,1.65035
550,0,1,1,0,0,0.0515721,-0.571844,-0.30438,1.64955
551,0,1,1,0,0,0.051822,-0.571696,-0.304035,1.64983
552,0,1,1,0,0,0.051819,-0.571811,-0.303953,1.6501
553,0,1,1,0,0,0.0517328,-0.572089,-0.304162,1.64969
554,0,1,1,0,0,0.0514232,-0.572377,-0.304181,1.65066
555,0,1,1,0,0,0.0510639,-0.572727,-0.304517,1.65077
556,0,1,1,0,0,0.0513432,-0.572433,-0.304337,1.65043
557,0,1,1,0,0,0.0515508,-0.572304,-0.304131,1.6504
558,0,1,1,0,0,0.0515649,-0.572227,-0.304125,1.65037
559,0,1,1,0,0,0.0514527,-0.5723,-0.304329,1.65009
560,0,1,1,0,0,0.0511999,-0.572521,-0.30454,1.65025
561,0,1,1,0,0,0.0511276,-0.572741,-0.304537,1.65049
562,0,1,1,0,0,0.0510427,-0.572746,-0.304535,1.65078
563,0,1,1,0,0,0.0509983,-0.572787,-0.304449,1.65121
564,0,1,1,0,0,0.0514576,-0.572585,-0.304081,1.65086
565,0,1,1,0,0,0.0520029,-0.572183,-0.303721,1.6502
566,0,1,1,0,0,0.0525784,-0.571723,-0.303611,1.64864
567,0,1,1,0,0,0.053094,-0.571429,-0.303437,1.64747
568,0,1,1,0,0,0.0537258,-0.570934,-0.303064,1.64657
569,0,1,1,0,0,0.0537917,-0.570677,-0.303006,1.64655
570,0,1,1,0,0,0.0539112,-0.570611,-0.302704,1.64713
571,0,1,1,0,0,0.0539792,-0.570614,-0.302641,1.64711
572,0,1,1,0,0,0.0535714,-0.570892,-0.30279,1.64799
573,0,1,1,0,0,0.0532547,-0.571166,-0.303045,1.64822
574,0,1,1,0,0,0.0531056,-0.571443,-0.303241,1.64807
575,0,1,1,0,0,0.0530032,-0.571351,-0.303393,1.64793
576,0,1,1,0,0,0.0529171,-0.571346,-0.303412,1.64816
577,0,1,1,0,0,0.0532324,-0.571047,-0.3033,1.64747
578,0,1,1,0,0,0.05349,-0.570823,-0.303036,1.64747
579,0,1,1,0,0,0.0535797,-0.570674,-0.302855,1.64777
580,0,1,1,0,0,0.0534108,-0.570983,-0.302988,1.64788
581,0,1,1,0,0,0.0532693,-0.571172,-0.303152,1.64782
582,0,1,1,0,0,0.0531898,-0.571143,-0.302978,1.64866
583,0,1,1,0,0,0.0530515,-0.571174,-0.30318,1.64847
584,0,1,1,0,0,0.0531031,-0.571178,-0.303297,1.64791
585,0,1,1,0,0,0.0535237,-0.570869,-0.302996,1.64748
586,0,1,1,0,0,0.0534738,-0.570785,-0.302911,1.64793
587,0,1,1,0,0,0.0538433,-0.570689,-0.30293,1.64662
588,0,1,1,0,0,0.0540257,-0.570681,-0.302814,1.64638
589,0,1,1,0,0,0.0538947,-0.570764,-0.302807,1.64684
590,0,1,1,0,0,0.053704,-0.570807,-0.303031,1.64676
591,0,1,1,0,0,0.0539311,-0.570676,-0.302887,1.64647
592,0,1,1,0,0,0.0537951,-0.570785,-0.303055,1.64638
593,0,1,1,0,0,0.0537537,-0.570689,-0.302886,1.64707
594,0,1,1,0,0,0.0538527,-0.570536,-0.302926,1.64662
595,0,1,1,0,0,0.0537876,-0.570713,-0.302968,1.64669
596,0,1,1,0,0,0.053945,-0.570549,-0.302801,1.64671
597,0,1,1,0,0,0.0537382,-0.570639,-0.30288,1.64715
598,0,1,1,0,0,0.0538492,-0.570635,-0.303032,1.64628
599,0,1,1,0,0,0.0540205,-0.570677,-0.302916,1.64607
600,0,1,1,0,0,0.0542653,-0.570482,-0.302822,1.64556
601,0,1,1,0,0,0.0540261,-0.570688,-0.303127,1.64536
602,0,1,1,0,0,0.0540315,-0.570636,-0.303239,1.64499
603,0,1,1,0,0,0.0540083,-0.57071,-0.303084,1.64556
604,0,1,1,0,0,0.053944,-0.570725,-0.30312,1.64566
605,0,1,1,0,0,0.053732,-0.570831,-0.30325,1.64595
606,0,1,1,0,0,0.0536487,-0.570886,-0.303306,1.64605
607,0,1,1,0,0,0.0535675,-0.571023,-0.303286,1.64638
608,0,1,1,0,0,0.0532355,-0.571217,-0.30365,1.64631
609,0,1,1,0,0,0.0531331,-0.57131,-0.303758,1.6463
610,0,1,1,0,0,0.0531696,-0.571304,-0.303668,1.64647
611,0,1,1,0,0,0.0532656,-0.571309,-0.303425,1.64693
612,0,1,1,0,0,0.0533479,-0.571219,-0.303418,1.64668
613,0,1,1,0,0,0.0537957,-0.570757,-0.303077,1.6463
614,0,1,1,0,0,0.0539678,-0.570581,-0.302845,1.64649
615,0,1,1,0,0,0.0540048,-0.570571,-0.30288,1.64625
616,0,1,1,0,0,0.0541999,-0.570487,-0.302869,1.64562
617,0,1,1,0,0,0.0542877,-0.570456,-0.302662,1.646
618,0,1,1,0,0,0.054079,-0.570782,-0.302721,1.6465
619,0,1,1,0,0,0.0540577,-0.570762,-0.302635,1.64685
620,0,1,1,0,0,0.0537559,-0.570939,-0.302686,1.6477
621,0,1,1,0,0,0.0536151,-0.570879,-0.302724,1.64806
622,0,1,1,0,0,0.0533119,-0.570979,-0.303035,1.64807
623,0,1,1,0,0,0.0532966,-0.570806,-0.303036,1.64813
624,0,1,1,0,0,0.0529229,-0.571133,-0.303166,1.64895
625,0,1,1,0,0,0.0530291,-0.571075,-0.303167,1.64859
626,0,1,1,0,0,0.0527962,-0.571282,-0.303261,1.64906
627,0,1,1,0,0,0.0526868,-0.571451,-0.303362,1.6491
628,0,1,1,0,0,0.052459,-0.571902,-0.303611,1.64903
629,3,1,1,0,0,0.052557,-0.571806,-0.303735,1.6483
630,1,1,1,0,0,0.0525664,-0.571646,-0.30381,1.64804
631,1,1,1,0,0,0.0524228,-0.571567,-0.304023,1.64784
632,1,1,1,0,0,0.052813,-0.571197,-0.303592,1.64794
633,1,1,1,0.00103554,0,0.0529692,-0.5707,-0.303464,1.64786
634,1,1,1,0.00108982,0,0.0528381,-0.570413,-0.303441,1.6484
635,1,1,1,0.00105043,0,0.0528797,-0.570087,-0.30347,1.64819
636,1,1,1,0.00130382,0,0.0525762,-0.56989,-0.303547,1.64899
637,1,1,1,0.00191078,0,0.0518806,-0.569671,-0.303983,1.64995
638,1,1,1,0.0017925,0,0.0514459,-0.569245,-0.304445,1.64996
639,1,1,1,0.00175126,0,0.0508815,-0.569044,-0.305021,1.65002
640,1,1,1,0.00188491,0,0.0501466,-0.569376,-0.305644,1.65047
641,1,1,1,0.00204595,0,0.0499484,-0.569665,-0.306323,1.64892
642,1,1,1,0.00299794,0,0.0505034,-0.570125,-0.30626,1.6472
643,1,1,1,0.00546812,0,0.0526334,-0.570519,-0.305017,1.64397
644,1,1,1,0.00982073,0,0.0571468,-0.570454,-0.30179,1.63912
645,1,1,1,0.0148514,0,0.0638428,-0.569514,-0.296434,1.63382
646,1,1,1,0.0206829,0,0.0726107,-0.568456,-0.289267,1.62737
647,1,1,0,0.0278957,0,0.0835826,-0.566916,-0.28065,1.61818
648,1,1,0,0.0328331,0,0.0958361,-0.564605,-0.270008,1.61126
649,1,1,0,0.0375649,0,0.109025,-0.562033,-0.258999,1.60237
650,1,1,0,0.041125,0,0.122663,-0.559072,-0.24766,1.59306
651,1,1,0,0.0434333,0,0.136878,-0.555115,-0.23538,1.58491
652,1,1,0,0.0451384,0,0.151238,-0.550747,-0.223172,1.57607
653,1,1,0,0.0463436,0,0.165331,-0.546165,-0.211512,1.56638
654,1,1,0,0.0461479,0,0.178986,-0.540814,-0.199704,1.5587
655,1,1,0,0.0462742,0,0.192784,-0.535106,-0.187934,1.55045
656,1,1,0,0.0466191,0,0.20652,-0.52902,-0.176467,1.54144
657,1,1,0,0.0458751,0,0.219573,-0.522511,-0.165121,1.5344
658,1,1,0,0.0443613,0,0.231753,-0.516006,-0.154343,1.52848
659,1,1,0,0.0430896,0,0.243555,-0.509417,-0.144071,1.52221
660,1,1,0,0.0410962,0,0.254364,-0.502985,-0.13463,1.51661
661,1,1,0,0.0388862,0,0.26437,-0.49644,-0.125736,1.51196
662,1,1,0,0.0368119,0,0.273636,-0.489865,-0.117507,1.50767
663,1,1,0,0.0350293,0,0.282327,-0.483257,-0.109866,1.50343
664,1,1,0,0.0332934,0,0.290122,-0.476289,-0.10297,1.49984
665,1,1,0,0.032626,0,0.29776,-0.468387,-0.0960116,1.49706
666,1,1,0,0.0322235,0,0.304557,-0.459916,-0.089896,1.49443
667,1,1,0,0.0328512,0,0.31109,-0.450309,-0.0840727,1.49184
668,1,1,0,0.0342518,0,0.317585,-0.439939,-0.0786964,1.48799
669,1,1,0,0.0361964,0,0.324017,-0.428825,-0.0737653,1.48295
670,1,1,0,0.0379661,0,0.329996,-0.416963,-0.0690703,1.47875
671,1,1,0,0.0398725,0,0.335698,-0.404452,-0.0649472,1.47367
672,1,1,0,0.0414915,0,0.34108,-0.391566,-0.0613228,1.46809
673,1,1,0,0.042298,0,0.345093,-0.378104,-0.0587422,1.46382
674,1,1,0,0.0439563,0,0.348146,-0.362972,-0.05702,1.46014
675,1,1,0,0.0462095,0,0.350649,-0.346937,-0.0561177,1.45574
676,1,1,0,0.0492086,0,0.352037,-0.329142,-0.0560311,1.4526
677,1,1,0,0.0527468,0,0.352842,-0.309803,-0.056099,1.45106
678,1,1,0,0.0563584,0,0.352587,-0.289134,-0.056122,1.45337
679,1,1,0,0.0592782,0,0.349857,-0.269246,-0.055841,1.46502
680,1,1,0,0.0640282,0,0.347093,-0.247336,-0.0566762,1.4733
681,1,1,0,0.0674911,0,0.344163,-0.225456,-0.0575706,1.48196
682,1,1,0,0.0697602,0,0.340111,-0.203477,-0.0595866,1.49079
683,1,1,0,0.0706337,0,0.336195,-0.18025,-0.0627565,1.49551
684,1,1,0,0.0711683,0,0.332584,-0.155523,-0.0680075,1.49254
685,1,1,0,0.0705473,0,0.327077,-0.133683,-0.0727344,1.4975
686,1,1,0,0.0697618,0,0.321106,-0.112211,-0.0777722,1.50301
687,1,1,0,0.0705381,0,0.315614,-0.0887978,-0.0833082,1.50541
688,1,1,0,0.0712491,0,0.310054,-0.0652973,-0.0887019,1.50851
689,1,1,0,0.0716072,0,0.306188,-0.041798,-0.0919028,1.51298
690,1,1,0,0.0749454,0,0.302881,-0.0149208,-0.0961393,1.51242
691,1,1,0,0.0788954,0,0.299857,0.0132106,-0.100182,1.51163
692,1,1,0,0.0787761,0,0.295469,0.0381001,-0.103736,1.51683
693,1,1,0,0.0754348,0,0.289961,0.0591003,-0.106836,1.52702
694,1,1,0,0.0749435,0,0.284235,0.0823534,-0.110801,1.5353
695,1,1,0,0.0738613,0,0.278275,0.103989,-0.114118,1.54638
696,1,1,0,0.0733531,0,0.271362,0.124422,-0.117746,1.55958
697,1,1,0,0.0746634,0,0.265576,0.147525,-0.12096,1.57051
698,1,1,0,0.0759062,0,0.2599,0.171702,-0.124742,1.57928
699,1,1,0,0.0748063,0,0.252871,0.191795,-0.128611,1.59208
700,1,1,0,0.0754264,0,0.245893,0.214094,-0.13281,1.6038
701,1,1,0,0.0738088,0,0.239142,0.233518,-0.136332,1.61672
702,1,1,0,0.0741987,0,0.232274,0.255466,-0.14035,1.62863
703,1,1,0,0.0745099,0,0.22621,0.277403,-0.143538,1.64049
704,1,1,0,0.073195,0,0.220572,0.29854,-0.146965,1.65007
705,1,1,0,0.0701732,0,0.215115,0.316633,-0.149533,1.6616
706,1,1,0,0.0680095,0,0.208974,0.33521,-0.153159,1.67206
707,1,1,0,0.0643863,0,0.204766,0.353511,-0.155714,1.6794
708,1,1,0,0.060028,0,0.19819,0.367991,-0.159822,1.68947
709,1,1,0,0.0578982,0,0.191288,0.383566,-0.164519,1.69882
710,1,1,0,0.0535795,0,0.18252,0.39447,-0.170898,1.7087
711,1,1,0,0.0495804,0,0.174033,0.404422,-0.177232,1.71771
712,1,1,0,0.046819,0,0.162624,0.408448,-0.18511,1.73119
713,1,0,0,0.0439171,0,0.154559,0.418704,-0.19192,1.73724
714,1,0,0,0.0402507,0,0.146903,0.42603,-0.198039,1.74393
715,1,0,0,0.0363665,0,0.140784,0.432271,-0.202503,1.75068
716,1,0,0,0.0327376,0,0.135663,0.439239,-0.20651,1.75559
717,1,0,0,0.0296248,0,0.131017,0.444937,-0.209722,1.76137
718,1,0,0,0.0266345,0,0.126288,0.446158,-0.212042,1.77
719,1,0,0,0.0239272,0,0.122833,0.447335,-0.213596,1.77678
720,1,0,0,0.0211208,0,0.119887,0.450222,-0.215379,1.78121
721,1,0,0,0.0200423,0,0.117329,0.448713,-0.215842,1.78829
722,1,0,0,0.0181467,0,0.115981,0.446563,-0.215598,1.79351
723,1,0,0,0.015723,0,0.114998,0.444142,-0.21543,1.79722
724,1,0,0,0.0112146,0,0.114474,0.444715,-0.215664,1.79828
725,1,0,0,0.0112783,0,0.112848,0.443227,-0.216075,1.80236
726,1,0,0,0.00758626,0,0.111484,0.445025,-0.217239,1.80335
727,1,0,0,0.00597294,0,0.109959,0.446357,-0.218651,1.80405
728,1,0,0,0.00587837,0,0.108595,0.448306,-0.220107,1.8041
729,1,0,0,0.00518372,0,0.107345,0.448008,-0.221015,1.80538
730,1,0,0,0.00390699,0,0.106806,0.448173,-0.221543,1.80551
731,1,0,0,0.00281574,0,0.106354,0.448389,-0.221998,1.80558
732,1,0,0,0.00211028,0,0.105925,0.44848,-0.222283,1.80612
733,1,0,0,0.00266374,0,0.105138,0.447493,-0.222642,1.80755
734,1,0,0,0.00569711,0,0.103487,0.445577,-0.223285,1.81094
735,1,0,0,0.00562038,0,0.102486,0.445628,-0.223963,1.81214
736,1,0,0,0.00516498,0,0.101653,0.444692,-0.224658,1.81265
737,1,0,0,0.00430103,0,0.100712,0.444466,-0.225502,1.81309
738,1,0,0,0.0027694,0,0.10026,0.444526,-0.226061,1.81281
739,1,0,0,0.00242371,0,0.100106,0.445206,-0.226768,1.81109
740,1,0,0,0.00263419,0,0.100031,0.445131,-0.227075,1.81034
741,1,0,0,0.0020175,0,0.0999595,0.445339,-0.227135,1.81041
742,1,0,0,0.00101736,0,0.100007,0.445247,-0.22699,1.81071
743,1,0,0,0.0010329,0,0.0996716,0.445384,-0.22693,1.81206
744,1,0,0,0.00352087,0,0.0993399,0.444836,-0.226546,1.81439
745,1,0,0,0.00324173,0,0.0993094,0.445377,-0.226469,1.81478
746,1,0,0,0.00313355,0,0.0992754,0.445614,-0.226279,1.81553
747,1,0,0,0.0020244,0,0.0992584,0.445881,-0.226341,1.81541
748,1,0,0,0.00115323,0,0.0992081,0.446035,-0.226399,1.8154
749,1,0,0,0,0,0.0991878,0.446266,-0.226369,1.81559
750,1,0,0,0,0,0.0991414,0.446084,-0.226356,1.81577
751,1,0,0,0,0,0.0990796,0.446071,-0.226454,1.81566
752,1,0,0,0,0,0.0989381,0.446418,-0.226495,1.81604
753,1,0,0,0,0,0.0990371,0.446186,-0.226413,1.81595
754,1,0,0,0,0,0.0991915,0.445883,-0.226345,1.81562
755,1,0,0,0,0,0.0991671,0.445565,-0.226341,1.8157
756,1,0,0,0,0,0.099122,0.445494,-0.226292,1.816
757,2,0,0,0,0,0.0991186,0.44517,-0.226195,1.81631
758,0,0,0,0,0,0.0991501,0.445286,-0.2262,1.81619
759,0,0,0,0,0,0.0990625,0.445287,-0.226202,1.81648
760,0,0,0,0,0,0.0991482,0.445417,-0.226131,1.81643
761,0,0,0,0,0,0.0990987,0.445873,-0.226228,1.81632
762,0,0,0,0,0,0.0991427,0.445938,-0.226206,1.81625
763,0,0,0,0,0,0.0990592,0.445897,-0.226244,1.8164
764,0,0,0,0,0,0.0991252,0.445774,-0.226283,1.81604
765,0,0,0,0,0,0.0991758,0.445909,-0.226197,1.81616
766,0,0,0,0,0,0.0993604,0.44569,-0.226098,1.81584
767,0,0,0,0,0,0.0993374,0.446083,-0.226277,1.81536
768,0,0,0,0,0,0.099317,0.446569,-0.226334,1.81528
769,0,0,0,0,0,0.099428,0.446702,-0.226281,1.81509
770,0,0,0,0,0,0.0993286,0.446693,-0.226418,1.81498
771,0,0,0,0,0,0.0991611,0.446769,-0.226539,1.81516
772,0,0,0,0,0,0.0992026,0.446662,-0.226426,1.81538
773,0,0,0,0,0,0.0992572,0.446336,-0.226334,1.81547
774,0,0,0,0,0,0.0990788,0.447335,-0.226495,1.81563
775,0,0,0,0,0,0.0992045,0.447579,-0.226424,1.81545
776,0,0,0,0,0,0.0993568,0.448151,-0.226445,1.8149
777,0,0,0,0,0,0.099306,0.448497,-0.226431,1.81515
778,0,0,0,0,0,0.0993209,0.449195,-0.226479,1.81499
779,0,0,0,0,0,0.0992824,0.448625,-0.226427,1.81525
780,0,0,0,0,0,0.0992577,0.448562,-0.226433,1.81531
781,0,0,0,0,0,0.0990583,0.447805,-0.226297,1.81637
782,0,0,0,0,0,0.099091,0.446985,-0.226281,1.81625
783,0,0,0,0,0,0.0989608,0.446048,-0.226243,1.81675
784,0,0,0,0,0,0.0989517,0.446651,-0.226439,1.81619
785,0,0,0,0,0,0.0988814,0.446693,-0.226454,1.81638
786,0,0,0,0,0,0.0990282,0.447534,-0.226565,1.81558
787,0,0,0,0,0,0.0990258,0.448321,-0.226669,1.81531
788,0,0,0,0,0,0.0991053,0.449069,-0.226773,1.81476
789,0,0,0,0,0,0.0993398,0.44915,-0.226684,1.81426
790,0,0,0,0,0,0.0993839,0.44948,-0.22676,1.81389
791,0,0,0,0,0,0.0994307,0.449001,-0.226665,1.814
792,0,0,0,0,0,0.0996065,0.449283,-0.226637,1.81351
793,0,0,0,0,0,0.0996431,0.449097,-0.226609,1.81347
794,0,0,0,0,0,0.0995847,0.448621,-0.226448,1.81415
795,0,0,0,0,0,0.0993518,0.44848,-0.226487,1.81481
796,0,0,0,0,0,0.0991722,0.448491,-0.226556,1.81519
797,0,0,0,0,0,0.0987971,0.448088,-0.22654,1.81649
798,0,0,0,0,0,0.0985609,0.448268,-0.226689,1.81682
799,0,0,0,0,0,0.098355,0.448085,-0.22677,1.81725
800,0,0,0,0,0,0.0984087,0.447632,-0.226735,1.81715
801,0,0,0,0,0,0.0984245,0.447473,-0.226678,1.81726
802,0,0,0,0,0,0.0983679,0.447602,-0.226814,1.81702
803,0,0,0,0,0,0.0985338,0.447224,-0.226644,1.81699
804,0,0,0,0,0,0.098401,0.447014,-0.226667,1.81735
805,0,0,0,0,0,0.0985261,0.447136,-0.226603,1.81714
806,0,0,0,0,0,0.098481,0.447473,-0.226743,1.81686
807,0,0,0,0,0,0.0987213,0.446844,-0.226511,1.81675
808,0,0,0,0,0,0.0987786,0.446562,-0.226427,1.81681
809,0,0,0,0,0,0.0989367,0.446257,-0.226361,1.81646
810,0,0,0,0,0,0.0988236,0.445927,-0.226348,1.81687
811,0,0,0,0,0,0.0991729,0.44702,-0.226535,1.81515
812,0,0,0,0,0,0.0995302,0.446424,-0.226505,1.81399
813,0,0,0,0,0,0.0997394,0.448099,-0.226925,1.81204
814,0,0,0,0,0,0.0998671,0.448786,-0.227047,1.81126
815,0,0,0,0,0,0.100001,0.448753,-0.227139,1.8105
816,0,0,0,0,0,0.0997923,0.447186,-0.226837,1.81208
817,0,0,0,0,0,0.0993943,0.447497,-0.226939,1.81312
818,0,0,0,0,0,0.0991911,0.445761,-0.226589,1.81482
819,0,0,0,0,0,0.0989781,0.445113,-0.226451,1.81595
820,0,0,0,0,0,0.0988679,0.44525,-0.22638,1.81656
821,0,0,0,0,0,0.098887,0.445118,-0.226364,1.81654
822,0,0,0,0,0,0.0989613,0.445282,-0.2263,1.81651
823,0,0,0,0,0,0.0989559,0.445344,-0.226269,1.81663
824,0,0,0,0,0,0.0991827,0.445651,-0.226256,1.81592
825,0,0,0,0,0,0.0992841,0.445553,-0.226241,1.81562
826,0,0,0,0,0,0.0991228,0.446154,-0.226345,1.81588
827,0,0,0,0,0,0.0991412,0.446243,-0.226384,1.81569
828,0,0,0,0,0,0.0993289,0.446378,-0.226346,1.81519
829,0,0,0,0,0,0.0994676,0.446044,-0.226293,1.81486
830,0,0,0,0,0,0.0996326,0.446176,-0.226236,1.8145
831,0,0,0,0,0,0.0999262,0.445506,-0.226116,1.81384
832,0,0,0,0,0,0.10041,0.44659,-0.226266,1.81179
833,0,0,0,0,0,0.100467,0.448292,-0.226654,1.81046
834,0,0,0,0,0,0.100302,0.448537,-0.226697,1.8109
835,0,0,0,0,0,0.10019,0.448484,-0.226738,1.81114
836,0,0,0,0,0,0.0997895,0.448856,-0.226865,1.81212
837,0,0,0,0,0,0.0993533,0.447986,-0.226767,1.81386
838,0,0,0,0,0,0.0990311,0.446445,-0.226507,1.81568
839,0,0,0,0,0,0.0988701,0.446606,-0.226626,1.81586
840,0,0,0,0,0,0.098663,0.446569,-0.226706,1.8163
841,0,0,0,0,0,0.0987637,0.446464,-0.226671,1.81606
842,0,0,0,0,0,0.0986476,0.446329,-0.226709,1.81632
843,0,0,0,0,0,0.0987147,0.446148,-0.226665,1.81622
844,0,0,0,0,0,0.0986913,0.446226,-0.226648,1.81636
845,0,0,0,0,0,0.0988012,0.446003,-0.226601,1.81613
846,0,0,0,0,0,0.0989493,0.446247,-0.226558,1.81578
847,0,0,0,0,0,0.098921,0.446259,-0.226531,1.81597
848,0,0,0,0,0,0.0988452,0.446654,-0.226607,1.81601
849,0,0,0,0,0,0.0988516,0.446336,-0.226605,1.81597
850,0,0,0,0,0,0.0988419,0.44653,-0.226623,1.81596
