Locations,4
Location Intervals,100
Sector Intervals,36
0,0,0
0,0,0,0,0,0,0,0,0,0,0,0,0,0,0,0,0,0,0,0,0,0,0,0,0,0,0,0,0,0,0,0,0,0,0,0,0,0,0,0,0,0,0,0,0,0,0,0,0,0,0,0,0,0,0,0,0,0,0,0,0,0,0,0,0,0,0,0,0,0,0,0,0,0,0,0,0,0,0,0,0,0,0,0,0,0,0,0,0,0,0,0,0,0,0,0,0,0,0,0
0,1,0
0.000829897,0.00194809,0.00451356,0.00895111,0.0159062,0.0243018,0.0323375,0.0414106,0.0539695,0.0658724,0.0731682,0.0758915,0.0759059,0.0761997,0.075894,0.0750589,0.073724,0.0732164,0.0757029,0.0802247,0.0854868,0.0896826,0.0923782,0.0942814,0.0961666,0.0985993,0.101909,0.106132,0.111146,0.116231,0.120589,0.123529,0.125307,0.127525,0.129615,0.130107,0.12839,0.124611,0.11962,0.113545,0.105654,0.1,0.101206,0.103985,0.10773,0.110226,0.111631,0.112274,0.112296,0.111755,0.11045,0.108275,0.107896,0.109371,0.110872,0.113221,0.11395,0.113094,0.111586,0.109543,0.106691,0.102918,0.0981167,0.0923957,0.0865429,0.0842779,0.0830047,0.0826102,0.0829043,0.0863354,0.0888401,0.0901379,0.0907019,0.0909476,0.0912629,0.0923446,0.0942592,0.0964073,0.0975997,0.0969066,0.0936447,0.0879828,0.0808253,0.0732257,0.0667176,0.0626453,0.0622582,0.0634753,0.0640575,0.0632239,0.0600341,0.0532416,0.0425181,0.0299225,0.0187362,0.0117121,0.00769907,0.00498956,0.00296885,0.00153535
0,2,0
0,0,0,0,0,0,0,0,0,0,0,0,0,0,0,0,0,0,0,0,0,0,0,0,0,0,0,0,0,0,0,0,0,0,0,0,0,0,0,0,0,0,0,0,0,0,0,0,0,0,0,0,0,0,0,0,0,0,0,0,0,0,0,0,0,0,0,0,0,0,0,0,0,0,0,0,0,0,0,0,0,0,0,0,0,0,0,0,0,0,0,0,0,0,0,0,0,0,0,0
0,3,0
0,0,0,0,0,0,0,0,0,0,0,0,0,0,0,0,0,0,0,0,0,0,0,0,0,0,0,0,0,0,0,0,0,0,0,0,0,0,0,0,0,0,0,0,0,0,0,0,0,0,0,0,0,0,0,0,0,0,0,0,0,0,0,0,0,0,0,0,0,0,0,0,0,0,0,0,0,0,0,0,0,0,0,0,0,0,0,0,0,0,0,0,0,0,0,0,0,0,0,0
1,0,0
0,0,0,0,0,0,0,0,0,0,0,0,0,0,0,0,0,0,0,0,0,0,0,0,0,0,0,0,0,0,0,0,0,0,0,0,0,0,0,0,0,0,0,0,0,0,0,0,0,0,0,0,0,0,0,0,0,0,0,0,0,0,0,0,0,0,0,0,0,0,0,0,0,0,0,0,0,0,0,0,0,0,0,0,0,0,0,0,0,0,0,0,0,0,0,0,0,0,0,0
1,1,0
0,0,0,0,0,0,0,0,0,0,0,0,0,0,0,0,0,0,0,0,0,0,0,0,0,0,0,0,0,0,0,0,0,0,0,0,0,0,0,0,0,0,0,0,0,0,0,0,0,0,0,0,0,0,0,0,0,0,0,0,0,0,0,0,0,0,0,0,0,0,0,0,0,0,0,0,0,0,0,0,0,0,0,0,0,0,0,0,0,0,0,0,0,0,0,0,0,0,0,0
1,2,0
0.000807532,0.00173753,0.00336795,0.00673697,0.0117203,0.017317,0.0210787,0.0238497,0.027156,0.0291589,0.0286647,0.0265999,0.024427,0.0254235,0.027405,0.0277823,0.0273536,0.0282037,0.0291619,0.0304087,0.0318742,0.0363298,0.0434525,0.0509971,0.0575142,0.0618641,0.0638257,0.0643675,0.0643855,0.0642979,0.0641038,0.0638788,0.0635909,0.0632233,0.0621959,0.0600575,0.056927,0.0540823,0.0536871,0.054651,0.0554969,0.0553077,0.0544395,0.0536398,0.0532395,0.0532486,0.0534022,0.0536168,0.0541401,0.0557165,0.0579659,0.0602714,0.0615807,0.0612356,0.0612462,0.0607533,0.0600046,0.0605421,0.0614391,0.0628631,0.0650748,0.067567,0.0693496,0.069874,0.069783,0.0699504,0.071284,0.0736885,0.076225,0.0778562,0.0786947,0.0794386,0.0803422,0.0800561,0.077722,0.0736513,0.070782,0.0665613,0.0625536,0.0572375,0.0516325,0.0471265,0.0440447,0.0426829,0.0417877,0.0408101,0.03922,0.0358207,0.0300719,0.0226309,0.0152891,0.0098676,0.00677745,0.00527278,0.00453745,0.00393013,0.00322156,0.00243052,0.00162696,0.000931163
1,3,0
0.00115143,0.00226083,0.00375017,0.00558551,0.00866059,0.0156231,0.0290721,0.0516614,0.0819213,0.113497,0.139833,0.158728,0.170585,0.176071,0.175404,0.171781,0.168226,0.16675,0.16699,0.167791,0.168653,0.169623,0.170098,0.169894,0.170262,0.173105,0.17382,0.172708,0.170077,0.165522,0.159484,0.154822,0.155242,0.161317,0.169961,0.177745,0.183434,0.186912,0.188725,0.189703,0.190253,0.190673,0.191251,0.192235,0.193718,0.195452,0.196969,0.198002,0.19858,0.198738,0.198428,0.197242,0.194884,0.190827,0.184817,0.178039,0.172437,0.169003,0.169532,0.16643,0.159656,0.149149,0.135239,0.120401,0.10827,0.100973,0.0977272,0.10088,0.108718,0.115988,0.122475,0.127753,0.131566,0.13374,0.134714,0.133352,0.12751,0.116597,0.101487,0.0860183,0.0746974,0.0688143,0.0659962,0.0638271,0.0614563,0.0584627,0.0553257,0.0524974,0.050371,0.0482186,0.0457379,0.042711,0.0397583,0.0366327,0.0302954,0.0249695,0.0202203,0.0147516,0.00935187,0.00493625
2,0,0
0,0,0,0,0,0,0,0,0,0,0,0,0,0,0,0,0,0,0,0,0,0,0,0,0,0,0,0,0,0,0,0,0,0,0,0,0,0,0,0,0,0,0,0,0,0,0,0,0,0,0,0,0,0,0,0,0,0,0,0,0,0,0,0,0,0,0,0,0,0,0,0,0,0,0,0,0,0,0,0,0,0,0,0,0,0,0,0,0,0,0,0,0,0,0,0,0,0,0,0
2,1,0
0.00053428,0.000918176,0.00137891,0.00193835,0.00264015,0.00397467,0.00655308,0.0113288,0.0186469,0.0271806,0.0357092,0.0442059,0.0506518,0.0553415,0.0585197,0.0603331,0.0607506,0.0596788,0.0580704,0.0564481,0.0550245,0.0538038,0.053066,0.0530644,0.0536807,0.0543309,0.0546425,0.0546406,0.0543551,0.0542792,0.0546383,0.054754,0.054396,0.0532252,0.0520091,0.0495181,0.0453737,0.0413867,0.0412591,0.0402629,0.0387124,0.0367074,0.0349557,0.0337978,0.0341486,0.0363463,0.0397967,0.0432101,0.045546,0.0466281,0.0465493,0.0454484,0.0438695,0.0424283,0.0420011,0.0432632,0.0449228,0.0459518,0.0455041,0.0442782,0.0440938,0.0462479,0.0459342,0.0458458,0.0478994,0.0501688,0.0512921,0.049937,0.0467226,0.0440932,0.0505581,0.0554572,0.0577783,0.0580043,0.0566972,0.0545281,0.056188,0.059144,0.0622159,0.0663257,0.0698668,0.071473,0.0709387,0.0690914,0.0666904,0.0642049,0.0617835,0.0591726,0.0561291,0.0537121,0.0516133,0.0477607,0.0426945,0.0368203,0.0308389,0.0247836,0.0183411,0.011921,0.00645086,0.0027878
2,2,0
0,0,0,0,0,0,0,0,0,0,0,0,0,0,0,0,0,0,0,0,0,0,0,0,0,0,0,0,0,0,0,0,0,0,0,0,0,0,0,0,0,0,0,0,0,0,0,0,0,0,0,0,0,0,0,0,0,0,0,0,0,0,0,0,0,0,0,0,0,0,0,0,0,0,0,0,0,0,0,0,0,0,0,0,0,0,0,0,0,0,0,0,0,0,0,0,0,0,0,0
2,3,0
0,0,0,0,0,0,0,0,0,0,0,0,0,0,0,0,0,0,0,0,0,0,0,0,0,0,0,0,0,0,0,0,0,0,0,0,0,0,0,0,0,0,0,0,0,0,0,0,0,0,0,0,0,0,0,0,0,0,0,0,0,0,0,0,0,0,0,0,0,0,0,0,0,0,0,0,0,0,0,0,0,0,0,0,0,0,0,0,0,0,0,0,0,0,0,0,0,0,0,0
3,0,0
0,0,0,0,0,0,0,0,0,0,0,0,0,0,0,0,0,0,0,0,0,0,0,0,0,0,0,0,0,0,0,0,0,0,0,0,0,0,0,0,0,0,0,0,0,0,0,0,0,0,0,0,0,0,0,0,0,0,0,0,0,0,0,0,0,0,0,0,0,0,0,0,0,0,0,0,0,0,0,0,0,0,0,0,0,0,0,0,0,0,0,0,0,0,0,0,0,0,0,0
3,1,0
0,0,0,0,0,0,0,0,0,0,0,0,0,0,0,0,0,0,0,0,0,0,0,0,0,0,0,0,0,0,0,0,0,0,0,0,0,0,0,0,0,0,0,0,0,0,0,0,0,0,0,0,0,0,0,0,0,0,0,0,0,0,0,0,0,0,0,0,0,0,0,0,0,0,0,0,0,0,0,0,0,0,0,0,0,0,0,0,0,0,0,0,0,0,0,0,0,0,0,0
3,2,0
0,0,0,0,0,0,0,0,0,0,0,0,0,0,0,0,0,0,0,0,0,0,0,0,0,0,0,0,0,0,0,0,0,0,0,0,0,0,0,0,0,0,0,0,0,0,0,0,0,0,0,0,0,0,0,0,0,0,0,0,0,0,0,0,0,0,0,0,0,0,0,0,0,0,0,0,0,0,0,0,0,0,0,0,0,0,0,0,0,0,0,0,0,0,0,0,0,0,0,0
3,3,0
0,0,0,0,0,0,0,0,0,0,0,0,0,0,0,0,0,0,0,0,0,0,0,0,0,0,0,0,0,0,0,0,0,0,0,0,0,0,0,0,0,0,0,0,0,0,0,0,0,0,0,0,0,0,0,0,0,0,0,0,0,0,0,0,0,0,0,0,0,0,0,0,0,0,0,0,0,0,0,0,0,0,0,0,0,0,0,0,0,0,0,0,0,0,0,0,0,0,0,0
