Locations,3
Location Intervals,100
Sector Intervals,36
0,0,0
0,0,0,0,0,0,0,0,0,0,0,0,0,0,0,0,0,0,0,0,0,0,0,0,0,0,0,0,0,0,0,0,0,0,0,0,0,0,0,0,0,0,0,0,0,0,0,0,0,0,0,0,0,0,0,0,0,0,0,0,0,0,0,0,0,0,0,0,0,0,0,0,0,0,0,0,0,0,0,0,0,0,0,0,0,0,0,0,0,0,0,0,0,0,0,0,0,0,0,0
0,1,0
0.000840698,0.00200024,0.00281793,0.00327795,0.00401445,0.00427621,0.00496128,0.00907703,0.0221169,0.051986,0.0668155,0.0712892,0.073074,0.076013,0.084126,0.0933352,0.101215,0.111207,0.111664,0.106812,0.0882326,0.0957132,0.117073,0.129857,0.13388,0.134662,0.134543,0.133751,0.129478,0.123275,0.121596,0.116076,0.10741,0.0993687,0.103593,0.111761,0.119539,0.119843,0.113318,0.121819,0.140486,0.158446,0.172408,0.188455,0.207029,0.212201,0.208138,0.188235,0.155097,0.142145,0.124506,0.111456,0.10353,0.0950156,0.0861135,0.0913707,0.0903945,0.0900298,0.0961148,0.0970326,0.0933998,0.092222,0.0940719,0.0988057,0.106582,0.109832,0.102526,0.101215,0.102448,0.10507,0.1061,0.0962724,0.0908073,0.0912429,0.0844331,0.0769719,0.0810793,0.0828137,0.0777635,0.0702834,0.0698631,0.0613001,0.0586306,0.0545964,0.0484998,0.0354925,0.0323928,0.0396353,0.0334353,0.0272858,0.0233542,0.0203127,0.018421,0.0163442,0.013899,0.0112457,0.00850334,0.00572149,0.00276196,0.00108677
0,2,0
0,0,0,0,0,0,0,0,0,0,0,0,0,0,0,0,0,0,0,0,0,0,0,0,0,0,0,0,0,0,0,0,0,0,0,0,0,0,0,0,0,0,0,0,0,0,0,0,0,0,0,0,0,0,0,0,0,0,0,0,0,0,0,0,0,0,0,0,0,0,0,0,0,0,0,0,0,0,0,0,0,0,0,0,0,0,0,0,0,0,0,0,0,0,0,0,0,0,0,0
1,0,0
0,0,0,0,0,0,0,0,0,0,0,0,0,0,0,0,0,0,0,0,0,0,0,0,0,0,0,0,0,0,0,0,0,0,0,0,0,0,0,0,0,0,0,0,0,0,0,0,0,0,0,0,0,0,0,0,0,0,0,0,0,0,0,0,0,0,0,0,0,0,0,0,0,0,0,0,0,0,0,0,0,0,0,0,0,0,0,0,0,0,0,0,0,0,0,0,0,0,0,0
1,1,0
0,0,0,0,0,0,0,0,0,0,0,0,0,0,0,0,0,0,0,0,0,0,0,0,0,0,0,0,0,0,0,0,0,0,0,0,0,0,0,0,0,0,0,0,0,0,0,0,0,0,0,0,0,0,0,0,0,0,0,0,0,0,0,0,0,0,0,0,0,0,0,0,0,0,0,0,0,0,0,0,0,0,0,0,0,0,0,0,0,0,0,0,0,0,0,0,0,0,0,0
1,2,0
0.00153923,0.00351748,0.00511681,0.00559847,0.00629571,0.00961259,0.0130126,0.0155033,0.0217848,0.0476245,0.0704478,0.0776749,0.0746615,0.0682747,0.0651671,0.058363,0.0579518,0.0640487,0.0677973,0.0674139,0.0714156,0.0768053,0.0827971,0.0851669,0.0821611,0.0813512,0.083551,0.0853441,0.0864881,0.0831124,0.0831356,0.0810505,0.0782323,0.0767056,0.0756433,0.0748464,0.0761438,0.0769703,0.0769191,0.0780073,0.0802018,0.0823648,0.0891307,0.094696,0.097569,0.0975563,0.0960043,0.097649,0.10453,0.109173,0.112044,0.113359,0.11133,0.0999274,0.0825299,0.083688,0.0995791,0.110283,0.113458,0.113526,0.115194,0.122644,0.131265,0.136667,0.138698,0.139377,0.141111,0.143351,0.143465,0.141028,0.144972,0.145962,0.14197,0.133823,0.123631,0.11465,0.107897,0.106264,0.102636,0.10023,0.0976842,0.0953658,0.0936061,0.0908405,0.0851162,0.0789553,0.0731865,0.0708498,0.0691952,0.0580728,0.0408659,0.0275929,0.0229513,0.0181345,0.0130384,0.00957288,0.00783508,0.00595611,0.00416084,0.00218638
2,0,0
0.0092396,0.0242431,0.0325705,0.0313502,0.033625,0.0329283,0.021663,0.0157691,0.0275961,0.0565062,0.0879557,0.103926,0.110226,0.113706,0.115776,0.115661,0.112282,0.107113,0.103982,0.104058,0.106357,0.11154,0.118725,0.12303,0.124071,0.125326,0.126846,0.129007,0.13015,0.130325,0.123234,0.106554,0.0879564,0.0761831,0.0696073,0.0667349,0.0664028,0.0700968,0.076048,0.0773142,0.0721966,0.0633231,0.0546944,0.0525,0.0532056,0.0534812,0.0529841,0.0525412,0.0540461,0.0579543,0.0594514,0.0577623,0.0561038,0.0575624,0.0579507,0.0572107,0.0606339,0.0589165,0.053408,0.0490969,0.0493248,0.0537851,0.0572324,0.0581238,0.0596719,0.0591727,0.0596566,0.0598348,0.0611228,0.0615934,0.0612604,0.0604815,0.0589762,0.0562127,0.0525804,0.0539632,0.0540371,0.0559183,0.061281,0.0657568,0.0677973,0.0684667,0.0682244,0.0673621,0.0705339,0.0719789,0.0725283,0.0691468,0.0630965,0.057654,0.0499415,0.038211,0.0284701,0.0223471,0.0182784,0.0136313,0.00843578,0.00680486,0.005463,0.00345965
2,1,0
0,0,0,0,0,0,0,0,0,0,0,0,0,0,0,0,0,0,0,0,0,0,0,0,0,0,0,0,0,0,0,0,0,0,0,0,0,0,0,0,0,0,0,0,0,0,0,0,0,0,0,0,0,0,0,0,0,0,0,0,0,0,0,0,0,0,0,0,0,0,0,0,0,0,0,0,0,0,0,0,0,0,0,0,0,0,0,0,0,0,0,0,0,0,0,0,0,0,0,0
2,2,0
0,0,0,0,0,0,0,0,0,0,0,0,0,0,0,0,0,0,0,0,0,0,0,0,0,0,0,0,0,0,0,0,0,0,0,0,0,0,0,0,0,0,0,0,0,0,0,0,0,0,0,0,0,0,0,0,0,0,0,0,0,0,0,0,0,0,0,0,0,0,0,0,0,0,0,0,0,0,0,0,0,0,0,0,0,0,0,0,0,0,0,0,0,0,0,0,0,0,0,0
