0,0,3,3,0,-1,0.130634,0.396868,-0.167407,1.89658
1,0,3,3,0,-1,0.130306,0.396721,-0.167307,1.89801
2,0,3,3,0,-1,0.129926,0.396969,-0.167829,1.89762
3,0,3,3,0,-1,0.130393,0.397002,-0.167432,1.89733
4,0,3,3,0,-1,0.130572,0.396973,-0.167165,1.89758
5,0,3,3,0,-1,0.130454,0.397124,-0.167329,1.89746
6,0,3,3,0,-1,0.130276,0.397207,-0.167491,1.89755
7,0,3,3,0,-1,0.130367,0.39723,-0.167321,1.89779
8,0,3,3,0,-1,0.130363,0.397259,-0.167285,1.89792
9,0,3,3,0,-1,0.130293,0.397382,-0.167245,1.8983
10,0,3,3,0,-1,0.130237,0.397187,-0.167218,1.89857
11,0,3,3,0,-1,0.130749,0.397192,-0.166888,1.8979
12,0,3,3,0,-1,0.130591,0.397071,-0.167109,1.89771
13,0,3,3,0,-1,0.130291,0.397225,-0.16722,1.89838
14,0,3,3,0,-1,0.129966,0.39702,-0.167585,1.89829
15,0,3,3,0,-1,0.129795,0.397132,-0.1678,1.89818
16,0,3,3,0,-1,0.129289,0.39723,-0.168073,1.89901
17,0,3,3,0,-1,0.129263,0.397413,-0.168007,1.89933
18,0,3,3,0,-1,0.129747,0.397355,-0.167847,1.8982
19,0,3,3,0,-1,0.130263,0.397324,-0.167439,1.89777
20,0,3,3,0,-1,0.130256,0.397418,-0.167551,1.89744
21,0,3,3,0,-1,0.130412,0.39738,-0.167485,1.89712
22,0,3,3,0,-1,0.130646,0.397494,-0.167464,1.8964
23,0,3,3,0,-1,0.130425,0.397551,-0.167585,1.89676
24,0,3,3,0,-1,0.13034,0.397517,-0.167696,1.89669
25,0,3,3,0,-1,0.130441,0.397211,-0.167404,1.89727
26,0,3,3,0,-1,0.130232,0.397275,-0.167632,1.89724
27,0,3,3,0,-1,0.130368,0.396959,-0.167565,1.89698
28,0,3,3,0,-1,0.130431,0.397007,-0.167608,1.89663
29,0,3,3,0,-1,0.130388,0.397396,-0.167746,1.89635
30,0,3,3,0,-1,0.130378,0.397476,-0.168022,1.8955
31,0,3,3,0,-1,0.130588,0.397729,-0.16784,1.8954
32,0,3,3,0,-1,0.130542,0.39805,-0.167868,1.89548
33,0,3,3,0,-1,0.130432,0.397779,-0.167909,1.8957
34,0,3,3,0,-1,0.130474,0.397502,-0.167731,1.89612
35,0,3,3,0,-1,0.130403,0.397462,-0.167522,1.89704
36,0,3,3,0,-1,0.130432,0.397104,-0.167377,1.89738
37,0,3,3,0,-1,0.129942,0.396816,-0.167689,1.89801
38,0,3,3,0,-1,0.130186,0.397056,-0.16757,1.89759
39,0,3,3,0,-1,0.129863,0.397135,-0.167849,1.89778
40,0,3,3,0,-1,0.129805,0.397303,-0.168005,1.89749
41,0,3,3,0,-1,0.131442,0.396548,-0.167704,1.89285
42,0,3,3,0,-1,0.133378,0.395969,-0.167102,1.88818
43,0,3,3,0,-1,0.134993,0.394913,-0.166565,1.88436
44,0,3,3,0,-1,0.13629,0.394483,-0.166478,1.8802
45,0,3,3,0,-1,0.137801,0.393515,-0.166146,1.87607
46,0,3,3,0,-1,0.13805,0.393196,-0.165983,1.87573
47,0,3,3,0,-1,0.137865,0.39328,-0.166013,1.87627
48,0,3,3,0,-1,0.137519,0.393373,-0.166189,1.87688
49,0,3,3,0,-1,0.138008,0.393304,-0.165788,1.87651
50,0,3,3,0,-1,0.138142,0.393517,-0.165686,1.87641
51,0,3,3,0,-1,0.137853,0.393765,-0.165858,1.87685
52,0,3,3,0,-1,0.138052,0.393648,-0.165785,1.8764
53,0,3,3,0,-1,0.138147,0.393593,-0.165826,1.87594
54,0,3,3,0,-1,0.138344,0.393151,-0.165672,1.87574
55,0,3,3,0,-1,0.138385,0.393119,-0.1657,1.8755
56,0,3,3,0,-1,0.138423,0.392947,-0.165581,1.87575
57,0,3,3,0,-1,0.138233,0.392892,-0.165713,1.87596
58,0,3,3,0,-1,0.138177,0.392746,-0.165628,1.87642
59,0,3,3,0,-1,0.138237,0.392888,-0.165644,1.87617
60,0,3,3,0,-1,0.13837,0.392783,-0.16548,1.87624
61,0,3,3,0,-1,0.138418,0.393144,-0.165512,1.876
62,0,3,3,0,-1,0.138638,0.393103,-0.165297,1.87595
63,0,3,3,0,-1,0.138791,0.393078,-0.165154,1.8759
64,0,3,3,0,-1,0.138642,0.39318,-0.164971,1.877
65,0,3,3,0,-1,0.13868,0.393177,-0.164966,1.87689
66,0,3,3,0,-1,0.138548,0.393202,-0.165157,1.87672
67,0,3,3,0,-1,0.138526,0.393131,-0.165135,1.87686
68,0,3,3,0,-1,0.138275,0.393465,-0.165525,1.87647
69,0,3,3,0,-1,0.138053,0.393368,-0.165643,1.87684
70,0,3,3,0,-1,0.138125,0.39345,-0.165472,1.87715
71,0,3,3,0,-1,0.137705,0.393343,-0.165619,1.87809
72,0,3,3,0,-1,0.13744,0.393439,-0.16575,1.87858
73,0,3,3,0,-1,0.137681,0.393068,-0.16557,1.87832
74,0,3,3,0,-1,0.137959,0.39283,-0.165581,1.87732
75,0,3,3,0,-1,0.15292,0.380486,-0.158994,1.84695
76,0,3,3,0,-1,0.166491,0.369892,-0.152663,1.82061
77,0,3,3,0,-1,0.177539,0.36057,-0.147672,1.79859
78,0,3,3,0,-1,0.184272,0.353998,-0.144654,1.78502
79,3,0,0,0.0578977,0,0.187762,0.348164,-0.144386,1.7736
80,1,0,0,0.00838302,0,0.172569,0.358922,-0.152959,1.79819
81,1,0,0,0.0294997,0,0.15989,0.370018,-0.159831,1.81978
82,1,0,0,0.050768,0,0.149444,0.380378,-0.165363,1.83807
83,1,0,0,0.0561243,0,0.143738,0.388504,-0.167702,1.85047
84,1,0,0,0.053135,0,0.141463,0.395819,-0.166964,1.86113
85,1,0,0,0.0381926,0,0.142653,0.398507,-0.164232,1.86616
86,1,0,0,0.0257305,0,0.143471,0.398705,-0.162287,1.86971
87,1,0,0,0.0164098,0,0.144882,0.398208,-0.160223,1.87158
88,1,0,0,0.00911832,0,0.145706,0.397296,-0.159398,1.87139
89,1,0,0,0.0048213,0,0.145702,0.396555,-0.159388,1.87138
90,1,0,0,0.00263676,0,0.14579,0.396118,-0.159391,1.87104
91,1,0,0,0.00137482,0,0.145879,0.396318,-0.15927,1.87115
92,1,0,0,0,0,0.145256,0.396371,-0.159615,1.87215
93,1,0,0,0.00234907,0,0.144549,0.39645,-0.159871,1.87373
94,1,0,0,0.00267093,0,0.144666,0.396666,-0.159502,1.87454
95,1,0,0,0.00327414,0,0.144796,0.396762,-0.159002,1.87573
96,1,0,0,0.00281117,0,0.144996,0.396466,-0.158656,1.87616
97,1,0,0,0.00205821,0,0.145357,0.396727,-0.158266,1.87621
98,1,0,0,0.00156675,0,0.145649,0.397294,-0.157982,1.87619
99,1,0,0,0.00119239,0,0.145904,0.397391,-0.157729,1.87615
100,1,0,0,0.00140195,0,0.146739,0.396977,-0.157017,1.87559
101,1,0,0,0.00135046,0,0.147075,0.397115,-0.156646,1.87567
102,1,0,0,0.00137721,0,0.147491,0.397072,-0.156156,1.87584
103,1,0,0,0.00141007,0,0.147743,0.396835,-0.155774,1.87621
104,1,0,0,0.00144461,0,0.147588,0.39684,-0.155708,1.87695
105,1,0,0,0.00142215,0,0.147048,0.396983,-0.156117,1.87746
106,1,0,0,0.00143798,0,0.146704,0.396563,-0.156373,1.87777
107,1,0,0,0.00168586,0,0.146074,0.396225,-0.156914,1.87813
108,1,0,0,0.00135226,0,0.146044,0.395924,-0.156945,1.87811
109,1,0,0,0.00113473,0,0.146044,0.395567,-0.157042,1.87777
110,1,0,0,0.00109556,0,0.145803,0.395311,-0.157219,1.878
111,1,0,0,0,0,0.145468,0.395199,-0.157577,1.87796
112,1,0,0,0,0,0.145563,0.395032,-0.157448,1.87804
113,1,0,0,0,0,0.145284,0.395182,-0.157896,1.87755
114,1,0,0,0.00147188,0,0.145212,0.395169,-0.158251,1.87664
115,1,0,0,0.00202927,0,0.145244,0.39531,-0.158485,1.87578
116,1,0,0,0,0,0.144865,0.395886,-0.158378,1.87746
117,1,0,0,0.00193397,0,0.144196,0.396413,-0.158758,1.87854
118,1,0,0,0.00376017,0,0.143596,0.396497,-0.158683,1.88083
119,1,0,0,0.00573547,0,0.142681,0.396938,-0.158836,1.88347
120,1,0,0,0.00671308,0,0.141964,0.397318,-0.158868,1.88583
121,1,0,0,0.0047576,0,0.142001,0.397097,-0.158786,1.88596
122,1,0,0,0.00347153,0,0.142256,0.396912,-0.158387,1.88638
123,1,0,0,0.00175783,0,0.142187,0.396954,-0.158502,1.88624
124,1,0,0,0,0,0.142198,0.396969,-0.158401,1.88653
125,1,0,0,0,0,0.142058,0.396973,-0.15843,1.88691
126,1,0,0,0,0,0.141736,0.39719,-0.158893,1.88652
127,1,0,0,0,0,0.141644,0.397195,-0.159023,1.88641
128,1,0,0,0,0,0.141561,0.397401,-0.159119,1.8864
129,1,0,0,0.00129384,0,0.141415,0.397807,-0.159494,1.88571
130,1,0,0,0.00222839,0,0.141435,0.398171,-0.159847,1.88452
131,1,0,0,0.00172312,0,0.141405,0.398594,-0.159844,1.88466
132,1,0,0,0.00208507,0,0.140818,0.399472,-0.16046,1.88472
133,1,0,0,0.00231948,0,0.14078,0.399895,-0.16077,1.88387
134,1,0,0,0.00152849,0,0.141324,0.40006,-0.160209,1.88386
135,1,0,0,0.00112141,0,0.141693,0.400153,-0.159842,1.8838
136,1,0,0,0.00192678,0,0.142547,0.400016,-0.159341,1.88251
137,1,0,0,0.0029948,0,0.143759,0.39936,-0.158414,1.88136
138,1,0,0,0.00394139,0,0.14525,0.399191,-0.157238,1.8801
139,1,0,0,0.00561681,0,0.147083,0.399044,-0.156092,1.87758
140,1,0,0,0.00876679,0,0.150809,0.398514,-0.15333,1.87384
141,1,0,0,0.0129532,0,0.156095,0.397506,-0.149368,1.86867
142,1,0,0,0.018599,0,0.163564,0.395857,-0.143636,1.86178
143,1,0,0,0.0257065,0,0.173422,0.392321,-0.135906,1.85312
144,1,0,0,0.0340658,0,0.185599,0.387531,-0.126506,1.84191
145,1,0,0,0.0409893,0,0.198559,0.381972,-0.116461,1.83007
146,1,0,0,0.0481446,0,0.212926,0.374655,-0.105524,1.81622
147,1,0,0,0.0545218,0,0.228059,0.366124,-0.0941884,1.80098
148,1,0,6,0.0599979,0,0.243523,0.356687,-0.082955,1.78421
149,1,0,6,0.0645056,0,0.258931,0.345287,-0.0718367,1.76711
150,1,0,6,0.0697973,0,0.274685,0.332119,-0.0609864,1.74784
151,1,0,6,0.0733501,0,0.289937,0.318199,-0.0505816,1.72877
152,1,0,6,0.0771352,0,0.304887,0.302682,-0.0408552,1.7084
153,1,0,6,0.0806616,0,0.319408,0.285213,-0.0315602,1.68796
154,1,0,6,0.0827611,0,0.333361,0.267023,-0.0225995,1.6683
155,1,0,6,0.0839002,0,0.347047,0.247845,-0.0136034,1.6496
156,1,0,6,0.0844842,0,0.360374,0.227855,-0.00468279,1.63181
157,1,0,6,0.0837817,0,0.373334,0.207361,0.00448121,1.61602
158,1,0,6,0.0817918,0,0.386045,0.187394,0.0139265,1.60203
159,1,0,6,0.0798642,0,0.398981,0.167202,0.0241206,1.58969
160,1,0,6,0.0771467,0,0.411725,0.147401,0.0349178,1.57999
161,1,0,6,0.0755709,0,0.425155,0.127079,0.0469839,1.57204
162,1,0,6,0.0739796,0,0.438916,0.107393,0.0601636,1.56663
163,1,0,6,0.0723714,0,0.452874,0.0886624,0.0743447,1.56387
164,1,0,6,0.0707167,0,0.466697,0.0709498,0.0887497,1.56237
165,1,0,6,0.0690172,0,0.480756,0.0546099,0.103959,1.56279
166,1,0,6,0.0667444,0,0.494638,0.0401629,0.119526,1.5651
167,1,0,6,0.0642486,0,0.508354,0.0273678,0.135057,1.56799
168,1,0,6,0.0623757,0,0.522207,0.0156408,0.151003,1.57183
169,1,0,6,0.0608845,0,0.535798,0.00539925,0.167165,1.57737
170,1,0,6,0.0591611,0,0.548636,-0.00406801,0.182582,1.58312
171,1,0,6,0.0565078,0,0.560489,-0.0119349,0.196979,1.58901
172,1,0,6,0.0541585,0,0.571499,-0.0186847,0.210868,1.5962
173,1,0,6,0.0508496,0,0.580983,-0.0242915,0.223182,1.60355
174,1,0,6,0.0470232,0,0.589502,-0.0292895,0.23426,1.6102
175,1,0,6,0.0431051,0,0.59694,-0.0331597,0.244191,1.61689
176,1,0,6,0.0396693,0,0.603312,-0.0363118,0.253119,1.624
177,1,0,6,0.0369206,0,0.609002,-0.0393303,0.261374,1.63125
178,1,0,6,0.0347213,0,0.614123,-0.0418438,0.269011,1.63846
179,1,0,6,0.0325202,0,0.61873,-0.0438485,0.275941,1.64517
180,1,0,6,0.0310155,0,0.622514,-0.0453979,0.282213,1.65256
181,1,0,6,0.0295848,0,0.62571,-0.0468117,0.287835,1.65985
182,1,6,6,0.0262778,0,0.627847,-0.0473821,0.29182,1.66549
183,1,6,6,0.0228978,0,0.629284,-0.0483939,0.294884,1.67048
184,1,6,6,0.0209775,0,0.630335,-0.0486749,0.297774,1.67627
185,1,6,6,0.018968,0,0.631545,-0.0492204,0.300554,1.68115
186,1,6,6,0.0167821,0,0.632474,-0.0496063,0.302785,1.68521
187,1,6,6,0.0163355,0,0.633915,-0.0502169,0.305717,1.68979
188,1,6,6,0.0157478,0,0.635062,-0.0505811,0.30826,1.69413
189,1,6,6,0.0147428,0,0.636057,-0.0508849,0.31049,1.69796
190,1,6,6,0.0140789,0,0.636894,-0.0509469,0.31256,1.70183
191,1,6,6,0.0127263,0,0.63769,-0.0510978,0.314308,1.7048
192,1,6,6,0.0104629,0,0.638103,-0.0514652,0.315368,1.70681
193,1,6,6,0.00864203,0,0.638883,-0.0512977,0.316695,1.70848
194,1,6,6,0.0072987,0,0.63967,-0.0512826,0.31799,1.71001
195,1,6,6,0.00492358,0,0.640235,-0.0511803,0.318608,1.71011
196,1,6,6,0.0038659,0,0.641129,-0.0511617,0.319639,1.71042
197,1,6,6,0.00310818,0,0.641697,-0.0508067,0.320316,1.71071
198,1,6,6,0.00265527,0,0.642284,-0.0505448,0.321012,1.711
199,1,6,6,0.00210276,0,0.642782,-0.0506009,0.321518,1.71094
200,1,6,6,0.00152514,0,0.643041,-0.0511681,0.321712,1.71065
201,1,6,6,0,0,0.643001,-0.0511925,0.3215,1.7101
202,1,6,6,0,0,0.642776,-0.0509967,0.32126,1.71009
203,1,6,6,0,0,0.642365,-0.0506574,0.320762,1.7099
204,1,6,6,0.00204335,0,0.64185,-0.050139,0.319955,1.70907
205,1,6,6,0.00236118,0,0.641659,-0.0491266,0.319713,1.709
206,1,6,6,0.00235046,0,0.641595,-0.0484271,0.319609,1.70894
207,1,6,6,0.00215194,0,0.641927,-0.0481266,0.319739,1.70825
208,1,6,6,0.00156641,0,0.642151,-0.0482508,0.319858,1.70787
209,1,6,6,0,0,0.642477,-0.0482136,0.320235,1.70799
210,1,6,6,0.00116473,0,0.642998,-0.0482437,0.320967,1.70859
211,1,6,6,0.00139612,0,0.643148,-0.0484403,0.321267,1.70904
212,1,6,6,0.00141499,0,0.643242,-0.0483357,0.321447,1.70931
213,1,6,6,0.00103274,0,0.643379,-0.0483093,0.321558,1.70921
214,1,6,6,0,0,0.643337,-0.0485159,0.321342,1.70863
215,1,6,6,0.00145151,0,0.643263,-0.0487956,0.320956,1.70762
216,1,6,6,0.00204631,0,0.64318,-0.0488881,0.320643,1.70687
217,1,6,6,0.00249367,0,0.64326,-0.0492307,0.320476,1.70603
218,1,6,6,0.00193535,0,0.643376,-0.0492402,0.320543,1.70586
219,1,6,6,0.00160532,0,0.643447,-0.0494519,0.320515,1.70551
220,1,6,6,0.00126822,0,0.643372,-0.04961,0.320357,1.70524
221,1,6,6,0.00103514,0,0.643424,-0.0498965,0.320369,1.70508
222,1,6,6,0,0,0.643371,-0.0501356,0.320492,1.70564
223,1,6,6,0,0,0.643317,-0.0504516,0.320402,1.70551
224,1,6,6,0,0,0.643387,-0.0506116,0.320418,1.70531
225,1,6,6,0,0,0.643407,-0.0508082,0.320329,1.70494
226,1,6,6,0,0,0.643235,-0.0509962,0.320097,1.70476
227,1,6,6,0.00108984,0,0.643335,-0.0511568,0.320075,1.70434
228,1,6,6,0.00116514,0,0.64339,-0.0511302,0.319994,1.70389
229,1,6,6,0,0,0.643356,-0.051163,0.319938,1.70382
230,1,6,6,0,0,0.642782,-0.051008,0.319456,1.70421
231,1,6,6,0,0,0.642808,-0.0509779,0.319664,1.7048
232,1,6,6,0.00115941,0,0.642625,-0.0509136,0.319637,1.70534
233,1,6,6,0.0014403,0,0.642305,-0.050814,0.319442,1.7058
234,1,6,6,0.00161637,0,0.642117,-0.0506462,0.319414,1.70636
235,1,6,6,0.00122138,0,0.642138,-0.0506402,0.319479,1.7065
236,1,6,6,0,0,0.642234,-0.0510959,0.319641,1.70667
237,1,6,6,0.00102054,0,0.642501,-0.0515469,0.319945,1.70672
238,1,6,6,0.00168632,0,0.643156,-0.0520045,0.32074,1.70704
239,1,6,6,0.00209358,0,0.64383,-0.0523613,0.321497,1.70718
240,1,6,6,0.00262695,0,0.644721,-0.0526221,0.322542,1.70753
241,1,6,6,0.00225024,0,0.645163,-0.0522062,0.323025,1.70762
242,1,6,6,0.0019807,0,0.645452,-0.051964,0.323404,1.70789
243,1,6,6,0.00153663,0,0.645299,-0.0515698,0.323355,1.70828
244,1,6,6,0.00192185,0,0.644969,-0.0512054,0.323311,1.70929
245,1,6,6,0.00234891,0,0.644811,-0.0507605,0.323401,1.71015
246,1,6,6,0.00245568,0,0.644903,-0.0504711,0.323698,1.71082
247,1,6,6,0.00263169,0,0.644796,-0.0498785,0.323792,1.71154
248,1,6,6,0.00257919,0,0.644954,-0.0495568,0.324154,1.71219
249,1,6,6,0.00222549,0,0.645354,-0.0491974,0.324634,1.71242
250,1,6,6,0.00136287,0,0.645926,-0.0492328,0.32503,1.71176
251,1,6,6,0.00129555,0,0.646097,-0.0487915,0.325013,1.71116
252,1,6,6,0.00319597,0,0.646695,-0.0482922,0.324907,1.70882
253,1,6,6,0.00562625,0,0.64704,-0.0477751,0.324327,1.7058
254,1,6,6,0.00917233,0,0.646666,-0.0473864,0.322509,1.7012
255,1,6,6,0.0130073,0,0.645926,-0.0463009,0.320004,1.69565
256,1,6,6,0.0172114,0,0.643846,-0.0454612,0.315825,1.68921
257,1,6,6,0.0216432,0,0.64043,-0.044148,0.31001,1.68203
258,1,6,6,0.0279439,0,0.63481,-0.0428025,0.301325,1.67303
259,1,6,4,0.034353,2,0.626981,-0.0410651,0.290225,1.66371
260,1,6,4,0.0419299,2,0.615679,-0.0392871,0.275404,1.65413
261,1,6,4,0.0507432,2,0.600986,-0.0373539,0.256859,1.64398
262,1,6,2,0.0613505,0,0.580964,-0.0359524,0.232922,1.63439
263,1,6,2,0.0718925,0,0.5566,-0.0339478,0.205002,1.62668
264,1,6,2,0.0833405,0,0.527477,-0.0319283,0.172533,1.62036
265,1,6,2,0.0931305,0,0.494825,-0.0318082,0.137391,1.61722
266,1,6,2,0.101253,0,0.459773,-0.0324718,0.100442,1.61632
267,1,6,2,0.10767,0,0.422108,-0.034089,0.0620477,1.61952
268,1,6,2,0.112137,0,0.383407,-0.0370289,0.023579,1.62592
269,1,6,4,0.114145,2,0.344859,-0.0407243,-0.0135595,1.63606
270,1,6,4,0.114646,2,0.306834,-0.0430533,-0.0496578,1.64789
271,1,6,4,0.113129,2,0.270387,-0.0450927,-0.0834948,1.66173
272,1,6,4,0.108486,2,0.237267,-0.0463618,-0.113842,1.67565
273,1,6,4,0.10138,2,0.207794,-0.046864,-0.140386,1.68959
274,1,6,4,0.0923911,2,0.182046,-0.0470408,-0.163489,1.70206
275,1,6,4,0.0825904,2,0.159724,-0.0472431,-0.183177,1.71398
276,1,6,4,0.0723252,2,0.140898,-0.047108,-0.199618,1.72458
277,1,6,4,0.0618498,2,0.125758,-0.0472701,-0.212598,1.73388
278,1,6,4,0.0524709,2,0.113019,-0.047355,-0.223399,1.74209
279,1,6,4,0.0437094,2,0.103172,-0.0475956,-0.231392,1.74958
280,1,4,4,0.0354387,2,0.0956726,-0.04761,-0.237509,1.75521
281,1,4,4,0.0284631,2,0.0897968,-0.0477139,-0.242194,1.75995
282,1,4,4,0.0228923,2,0.085084,-0.0471082,-0.245881,1.76404
283,1,4,4,0.0177239,2,0.0817563,-0.0466946,-0.248539,1.76675
284,1,4,4,0.0137774,2,0.0789221,-0.0460616,-0.250924,1.76868
285,1,4,4,0.0110809,2,0.0761973,-0.0452775,-0.253407,1.76994
286,1,4,4,0.00926828,2,0.0736913,-0.0449197,-0.255694,1.77106
287,1,4,4,0.00722729,2,0.0721534,-0.0451063,-0.257117,1.77165
288,1,4,4,0.00590056,2,0.0707616,-0.0455457,-0.258324,1.77243
289,1,4,4,0.00474985,2,0.0696172,-0.0456701,-0.259485,1.77254
290,1,4,4,0.00348868,2,0.0690931,-0.046159,-0.259958,1.77275
291,1,4,4,0.00226335,2,0.0690443,-0.046479,-0.260133,1.77232
292,1,4,4,0.00157344,2,0.06885,-0.0466773,-0.260301,1.77242
293,1,4,4,0,2,0.0688661,-0.0464774,-0.260421,1.77199
294,1,4,4,0,2,0.0687115,-0.0466066,-0.260577,1.772
295,1,4,4,0,2,0.0687528,-0.0466844,-0.260311,1.77272
296,1,4,4,0.00118593,2,0.0688653,-0.0465627,-0.259981,1.77342
297,1,4,4,0,2,0.0685858,-0.0460795,-0.260375,1.77312
298,1,4,4,0.00108782,2,0.0684683,-0.0460913,-0.26033,1.77367
299,1,4,4,0,2,0.0683655,-0.0459969,-0.260396,1.77381
300,1,4,4,0,2,0.0685844,-0.0459668,-0.260271,1.77347
301,1,4,4,0,2,0.0683087,-0.0460838,-0.260515,1.77361
302,1,4,4,0,2,0.068338,-0.0465086,-0.260313,1.77414
303,1,4,4,0,2,0.0682834,-0.0468396,-0.260434,1.7739
304,1,4,4,0.00115591,2,0.0685633,-0.0474101,-0.260151,1.77383
305,1,4,4,0.00157553,2,0.0679065,-0.0478349,-0.261031,1.77317
306,1,4,4,0.00251871,2,0.067449,-0.0481824,-0.261856,1.77202
307,1,4,4,0.00334621,2,0.0670291,-0.0483669,-0.262653,1.77085
308,1,4,4,0.00363217,2,0.0664748,-0.0482785,-0.263502,1.76998
309,2,4,4,0.00399027,2,0.0657777,-0.0480319,-0.264531,1.76903
310,0,4,4,0,2,0.0656127,-0.0478527,-0.264891,1.76843
311,0,4,4,0,2,0.0656671,-0.0476911,-0.26494,1.7681
312,0,4,4,0,2,0.0655915,-0.047704,-0.265027,1.76807
313,0,4,4,0,2,0.0656583,-0.0477796,-0.265063,1.76772
314,0,4,4,0,2,0.0655392,-0.0478346,-0.265126,1.76792
315,0,4,4,0,2,0.0654279,-0.0478735,-0.265124,1.7683
316,0,4,4,0,2,0.0653444,-0.0478501,-0.265145,1.76852
317,0,4,4,0,2,0.0652888,-0.0478567,-0.265141,1.76872
318,0,4,4,0,2,0.0653294,-0.0478583,-0.265111,1.76868
319,0,4,4,0,2,0.0653526,-0.0478984,-0.265051,1.76879
320,0,4,4,0,2,0.06543,-0.0479946,-0.265038,1.76856
321,0,4,4,0,2,0.0654806,-0.0480311,-0.265045,1.76837
322,0,4,4,0,2,0.0655863,-0.048024,-0.265041,1.76802
323,0,4,4,0,2,0.0653192,-0.0480588,-0.265135,1.76862
324,0,4,4,0,2,0.0653931,-0.0480447,-0.265103,1.76848
325,0,4,4,0,2,0.0652514,-0.0480202,-0.265141,1.76883
326,0,4,4,0,2,0.0651316,-0.0480251,-0.265172,1.76914
327,0,4,4,0,2,0.065103,-0.0480985,-0.265092,1.76949
328,0,4,4,0,2,0.0651753,-0.0480043,-0.26508,1.76929
329,0,4,4,0,2,0.0652097,-0.0480332,-0.265069,1.76921
330,0,4,4,0,2,0.065412,-0.0479822,-0.26499,1.76878
331,0,4,4,0,2,0.0656484,-0.0479483,-0.264894,1.76829
332,0,4,4,0,2,0.0657875,-0.0479221,-0.264874,1.76789
333,0,4,4,0,2,0.0658777,-0.0479735,-0.264824,1.76774
334,0,4,4,0,2,0.0657611,-0.0479691,-0.264878,1.76796
335,0,4,4,0,2,0.0657348,-0.0479621,-0.264893,1.768
336,0,4,4,0,2,0.0655097,-0.0479829,-0.264952,1.76857
337,0,4,4,0,2,0.0654388,-0.0478976,-0.264986,1.76871
338,0,4,4,0,2,0.0654515,-0.0478769,-0.265005,1.76861
339,0,4,4,0,2,0.0654914,-0.0478094,-0.26499,1.76852
340,0,4,4,0,2,0.0651679,-0.0478544,-0.265111,1.76923
341,0,4,4,0,2,0.0650692,-0.0478596,-0.265185,1.76932
342,0,4,4,0,2,0.0649037,-0.0479235,-0.26528,1.76957
343,0,4,4,0,2,0.0648039,-0.0479289,-0.265276,1.76993
344,0,4,4,0,2,0.0647477,-0.0479096,-0.265327,1.76995
345,0,4,4,0,2,0.0649048,-0.0478132,-0.265261,1.76964
346,0,4,4,0,2,0.0651094,-0.0478207,-0.265218,1.76908
347,0,4,4,0,2,0.0652918,-0.0477661,-0.265156,1.76867
348,0,4,4,0,2,0.0654107,-0.0477042,-0.265184,1.76818
349,0,4,4,0,2,0.0655657,-0.047715,-0.26514,1.76779
350,0,4,4,0,2,0.0658377,-0.0477256,-0.26507,1.76709
351,0,4,4,0,2,0.0657576,-0.0476393,-0.265072,1.76737
352,0,4,4,0,2,0.0658178,-0.0475615,-0.265083,1.76713
353,0,4,4,0,2,0.065772,-0.0475272,-0.265089,1.76727
354,0,4,4,0,2,0.0656818,-0.0474823,-0.265084,1.7676
355,0,4,4,0,2,0.0655972,-0.0474687,-0.265043,1.76802
356,0,4,4,0,2,0.0657868,-0.0474661,-0.264869,1.76794
357,0,4,4,0,2,0.0657748,-0.0474533,-0.264746,1.76838
358,0,4,4,0,2,0.0656631,-0.0474647,-0.264729,1.76881
359,0,4,4,0,2,0.0655966,-0.047506,-0.26471,1.7691
360,0,4,4,0,2,0.0654248,-0.0475058,-0.264821,1.76932
361,0,4,4,0,2,0.0655971,-0.047599,-0.26448,1.76984
362,0,4,4,0,2,0.0654106,-0.0476287,-0.264524,1.77033
363,0,4,4,0,2,0.0657353,-0.047816,-0.264195,1.77028
364,0,4,4,0,2,0.0657446,-0.0480078,-0.264222,1.77014
365,3,4,4,0,2,0.0659906,-0.0484593,-0.264021,1.76993
366,1,4,4,0.00102223,2,0.0658315,-0.0488241,-0.264261,1.76966
367,1,4,4,0.00131141,2,0.0660386,-0.0492783,-0.264109,1.76942
368,1,4,4,0.00114544,2,0.0657968,-0.0495345,-0.264337,1.76948
369,1,4,4,0,2,0.0659574,-0.0497305,-0.264154,1.76952
370,1,4,4,0,2,0.0660677,-0.0497693,-0.264004,1.76962
371,1,4,4,0,2,0.0663927,-0.0498316,-0.263621,1.76976
372,1,4,4,0,2,0.0665464,-0.0499735,-0.263395,1.76996
373,1,4,4,0,2,0.0668901,-0.0500558,-0.26305,1.76991
374,1,4,4,0.00112507,2,0.0672055,-0.0503615,-0.262673,1.77004
375,1,4,4,0.00103185,2,0.0673181,-0.0503236,-0.262475,1.7703
376,1,4,4,0,2,0.0670002,-0.0500257,-0.262704,1.77066
377,1,4,4,0.00103524,2,0.0671611,-0.0497461,-0.26243,1.77102
378,1,4,4,0,2,0.0670615,-0.0497321,-0.262489,1.77117
379,1,4,4,0,2,0.0669688,-0.049482,-0.262653,1.77097
380,1,4,4,0,2,0.0668166,-0.0494912,-0.26281,1.77098
381,1,4,4,0,2,0.0668378,-0.0496756,-0.262853,1.77075
382,1,4,4,0,2,0.0666229,-0.049777,-0.26308,1.77074
383,1,4,4,0,2,0.0667069,-0.0497047,-0.263045,1.77057
384,1,4,4,0,2,0.0667883,-0.049673,-0.26297,1.77054
385,1,4,4,0,2,0.0669889,-0.0495367,-0.262781,1.77048
386,1,4,4,0,2,0.0670997,-0.0495698,-0.262655,1.77051
387,1,4,4,0,2,0.0671263,-0.0495125,-0.262724,1.7702
388,1,4,4,0,2,0.0671215,-0.0495151,-0.262694,1.77032
389,1,4,4,0,2,0.0670357,-0.0495693,-0.262774,1.77035
390,1,4,4,0,2,0.0668825,-0.0496914,-0.26288,1.77051
391,1,4,4,0,2,0.0668449,-0.0497851,-0.262914,1.77052
392,1,4,4,0,2,0.0669207,-0.0500366,-0.262852,1.77045
393,1,4,4,0,2,0.0669292,-0.050173,-0.262863,1.77037
394,1,4,4,0,2,0.0669497,-0.0503033,-0.262793,1.77052
395,1,4,4,0,2,0.0670702,-0.0503536,-0.262754,1.77024
396,1,4,4,0,2,0.0670944,-0.0504098,-0.262748,1.77017
397,1,4,4,0,2,0.0670111,-0.0503066,-0.262912,1.76993
398,1,4,4,0,2,0.0670678,-0.0503268,-0.262924,1.76969
399,1,4,4,0,2,0.0670033,-0.0502761,-0.263005,1.76965
400,1,4,4,0,2,0.0670328,-0.050457,-0.262966,1.76967
401,1,4,4,0,2,0.0673067,-0.0505211,-0.262808,1.76924
402,1,4,4,0,2,0.067535,-0.0507196,-0.262566,1.76924
403,1,4,4,0,2,0.0677308,-0.0508172,-0.2624,1.76911
404,1,4,4,0.00169835,2,0.0688644,-0.0508506,-0.261454,1.76832
405,1,4,4,0.003572,2,0.0711103,-0.0508461,-0.259468,1.76714
406,1,4,4,0.00591058,2,0.0743493,-0.0510648,-0.256385,1.76613
407,1,4,4,0.00917846,2,0.0789592,-0.051196,-0.252243,1.7639
408,1,4,4,0.0135241,2,0.0854704,-0.0511271,-0.246463,1.76055
409,1,4,4,0.0175721,2,0.0929525,-0.0511092,-0.239804,1.75674
410,1,4,6,0.0216054,0,0.101596,-0.0513157,-0.232212,1.752
411,1,4,6,0.026358,0,0.112065,-0.0513696,-0.223197,1.74569
412,1,4,6,0.0313658,0,0.124335,-0.0517019,-0.212522,1.73863
413,1,4,6,0.0359506,0,0.13789,-0.0526117,-0.200535,1.73143
414,1,4,6,0.0415234,0,0.15383,-0.0537185,-0.186406,1.72305
415,1,4,6,0.0465967,0,0.1711,-0.054954,-0.170944,1.71448
416,1,4,6,0.0509136,0,0.189503,-0.0560893,-0.154238,1.7061
417,1,4,6,0.0546602,0,0.209026,-0.0571863,-0.13623,1.69814
418,1,4,6,0.0584251,0,0.229962,-0.0581276,-0.11683,1.68992
419,1,4,6,0.0618097,0,0.251931,-0.0588382,-0.0964446,1.6814
420,1,4,6,0.0652986,0,0.275196,-0.0593733,-0.0746941,1.67292
421,1,4,6,0.0693475,0,0.30024,-0.0600669,-0.0508485,1.66519
422,1,4,6,0.0727823,0,0.325949,-0.0602228,-0.0262092,1.65782
423,1,4,6,0.0761274,0,0.35275,-0.0599035,-0.0003227,1.65082
424,1,4,6,0.0785593,0,0.379705,-0.0596731,0.0261527,1.6452
425,1,4,6,0.080221,0,0.406699,-0.058881,0.0531975,1.64134
426,1,4,6,0.0797373,0,0.432239,-0.0576663,0.0788245,1.63785
427,1,4,6,0.0788285,0,0.457276,-0.0568211,0.104373,1.63579
428,1,4,6,0.0767657,0,0.480723,-0.0563123,0.128911,1.63582
429,1,4,6,0.0745548,0,0.502981,-0.0557214,0.152802,1.6378
430,1,4,6,0.0720911,0,0.523939,-0.0553349,0.175629,1.64073
431,1,4,6,0.0694434,0,0.543201,-0.0549056,0.197128,1.64511
432,1,4,6,0.0663594,0,0.560659,-0.054498,0.217094,1.65065
433,1,4,6,0.0619368,0,0.575713,-0.0537548,0.234565,1.65628
434,1,6,6,0.0565256,0,0.588128,-0.0527184,0.249476,1.66258
435,1,6,6,0.0503065,0,0.598024,-0.0517565,0.261755,1.66889
436,1,6,6,0.0440724,0,0.606028,-0.0509574,0.272003,1.67503
437,1,6,6,0.0383434,0,0.612697,-0.0501211,0.280716,1.68072
438,1,6,6,0.0328398,0,0.617938,-0.0493276,0.287706,1.68567
439,1,6,6,0.027014,0,0.621827,-0.0487694,0.292879,1.68929
440,1,6,6,0.0217848,0,0.62445,-0.0482558,0.296629,1.69259
441,1,6,6,0.0171961,0,0.626248,-0.0478573,0.299352,1.69535
442,1,6,6,0.0128719,0,0.626703,-0.0473671,0.300545,1.69771
443,1,6,6,0.0110356,0,0.627001,-0.0471117,0.301863,1.701
444,1,6,6,0.0101994,0,0.627259,-0.0464271,0.303061,1.70407
445,1,6,6,0.00939237,0,0.62744,-0.0457377,0.304017,1.7066
446,1,6,6,0.00899579,0,0.627617,-0.0450873,0.304973,1.70916
447,1,6,6,0.00765204,0,0.627947,-0.0445924,0.305748,1.71059
448,1,6,6,0.00572967,0,0.628384,-0.0442775,0.306396,1.71123
449,1,6,6,0.00411564,0,0.628703,-0.0446732,0.306925,1.71183
450,1,6,6,0.00276481,0,0.628859,-0.0447876,0.307188,1.71215
451,1,6,6,0.00198624,0,0.629053,-0.0450066,0.307503,1.7125
452,1,6,6,0.00183018,0,0.629149,-0.0451813,0.307786,1.71308
453,1,6,6,0.00183689,0,0.629402,-0.0451868,0.308214,1.71361
454,1,6,6,0.00121738,0,0.629568,-0.0447065,0.308342,1.7135
455,1,6,6,0.00133104,0,0.629935,-0.044686,0.308815,1.71379
456,1,6,6,0.00142266,0,0.630476,-0.0445951,0.309396,1.71384
457,1,6,6,0.00156128,0,0.630952,-0.0445468,0.309958,1.71405
458,1,6,6,0.00115386,0,0.631011,-0.0444899,0.310025,1.71407
459,1,6,6,0.00138768,0,0.631004,-0.044713,0.310262,1.71485
460,1,6,6,0.00193081,0,0.631322,-0.0448812,0.310844,1.71564
461,1,6,6,0.00156079,0,0.631247,-0.0450828,0.310819,1.7158
462,1,6,6,0.0013321,0,0.631506,-0.0451245,0.311127,1.71592
463,1,6,6,0.00172119,0,0.63185,-0.0452563,0.311683,1.71655
464,1,6,6,0.00148469,0,0.63204,-0.04528,0.311961,1.7168
465,1,6,6,0,0,0.631947,-0.0452197,0.311752,1.71645
466,1,6,6,0,0,0.631991,-0.0450128,0.311806,1.71649
467,1,6,6,0,0,0.631649,-0.0449352,0.311543,1.7168
468,1,6,6,0,0,0.631255,-0.0447971,0.311111,1.71675
469,1,6,6,0,0,0.631016,-0.0447848,0.310811,1.71659
470,1,6,6,0,0,0.630784,-0.0447488,0.31057,1.71659
471,1,6,6,0.00103284,0,0.630341,-0.044825,0.310136,1.71669
472,1,6,6,0,0,0.630179,-0.0448898,0.310099,1.71711
473,1,6,6,0,0,0.629929,-0.0449111,0.309945,1.71746
474,1,6,6,0.00128175,0,0.629178,-0.0447904,0.309139,1.7174
475,1,6,6,0.00175226,0,0.628365,-0.0445211,0.308327,1.71755
476,1,6,6,0.00205261,0,0.627654,-0.0441716,0.307652,1.7178
477,1,6,6,0.00271069,0,0.6267,-0.0437867,0.306474,1.71724
478,1,6,6,0.0031567,0,0.625778,-0.0434413,0.30538,1.71685
479,1,6,6,0.0022962,0,0.625607,-0.0431969,0.305308,1.71721
480,1,6,6,0.00155064,0,0.625442,-0.0432191,0.305204,1.71744
481,1,6,6,0,0,0.625502,-0.0432373,0.305301,1.71755
482,1,6,6,0,0,0.625811,-0.0434102,0.305786,1.71806
483,1,6,6,0.0013413,0,0.626206,-0.043563,0.306301,1.71838
484,1,6,6,0.00164428,0,0.626536,-0.0438947,0.30676,1.71872
485,1,6,6,0.00143382,0,0.626623,-0.0440418,0.306893,1.71885
486,1,6,6,0.00153841,0,0.626863,-0.0442866,0.307264,1.71922
487,1,6,6,0.00136494,0,0.62691,-0.0446243,0.307388,1.71944
488,1,6,6,0.00121238,0,0.626771,-0.0449732,0.307313,1.71964
489,1,6,6,0.00126043,0,0.626526,-0.0453861,0.307149,1.71991
490,1,6,6,0.00131014,0,0.626601,-0.0457608,0.3073,1.72012
491,1,6,6,0.00112671,0,0.626557,-0.0461199,0.307159,1.71978
492,1,6,6,0.00103607,0,0.626483,-0.0463796,0.307048,1.71966
493,1,6,6,0.00101462,0,0.62657,-0.0466316,0.307063,1.71939
494,1,6,6,0.00129275,0,0.626502,-0.0469444,0.306843,1.71888
495,1,6,6,0.001383,0,0.626522,-0.0471782,0.306749,1.7185
496,1,6,6,0.00142896,0,0.626402,-0.047846,0.306649,1.71853
497,1,6,6,0.00153232,0,0.626514,-0.048245,0.306652,1.71813
498,1,6,6,0.00178782,0,0.626267,-0.0489671,0.306371,1.718
499,1,6,6,0.0018898,0,0.626096,-0.0495857,0.306169,1.71788
500,1,6,6,0.00244317,0,0.625687,-0.0506688,0.305769,1.71789
501,1,6,6,0.00297099,0,0.625266,-0.05158,0.305101,1.71709
502,1,6,6,0.00420749,0,0.624413,-0.0529531,0.303896,1.71597
503,1,6,6,0.00572918,0,0.62376,-0.0545075,0.302662,1.71407
504,1,6,6,0.0079872,0,0.622871,-0.0563964,0.300899,1.71123
505,1,6,6,0.0104022,0,0.622199,-0.0586106,0.299128,1.7076
506,1,6,6,0.0136611,0,0.621215,-0.0614652,0.296655,1.7027
507,1,6,6,0.0174463,0,0.620103,-0.0650651,0.293699,1.69662
508,1,6,6,0.0226107,0,0.618236,-0.06896,0.289273,1.68831
509,1,6,6,0.0287762,0,0.615389,-0.0736145,0.283273,1.67816
510,1,6,6,0.0365562,0,0.611822,-0.0795252,0.275718,1.66531
511,1,6,4,0.0442097,2,0.607052,-0.0868024,0.26659,1.65134
512,1,6,4,0.0515996,2,0.601676,-0.0955404,0.256444,1.63603
513,1,6,2,0.0595294,0,0.594655,-0.106684,0.244221,1.61938
514,1,6,2,0.06777,0,0.586458,-0.119529,0.23028,1.60102
515,1,6,2,0.0759065,0,0.576371,-0.134047,0.214125,1.58177
516,1,6,2,0.083323,0,0.564631,-0.15058,0.196315,1.56263
517,1,6,2,0.091126,0,0.550059,-0.168312,0.175358,1.5428
518,1,6,2,0.0962335,0,0.533828,-0.187074,0.153336,1.52507
519,1,6,2,0.0996953,0,0.515701,-0.206128,0.129805,1.50887
520,1,6,2,0.10148,0,0.495522,-0.225539,0.104959,1.49534
521,1,6,2,0.102409,0,0.473957,-0.244219,0.0789605,1.48283
522,1,6,2,0.10269,0,0.451542,-0.263113,0.0525099,1.47173
523,1,6,2,0.102511,0,0.428097,-0.281658,0.0255287,1.46244
524,1,6,2,0.102083,0,0.403394,-0.300173,-0.00201683,1.45559
525,1,6,2,0.101702,0,0.37771,-0.317915,-0.0302394,1.44993
526,1,6,2,0.101212,0,0.350774,-0.334994,-0.0590473,1.44667
527,1,6,2,0.0995336,0,0.323432,-0.350337,-0.0875221,1.44601
528,1,6,2,0.0969124,0,0.296663,-0.363977,-0.115216,1.44605
529,1,6,2,0.093054,0,0.271149,-0.375904,-0.141588,1.44626
530,1,6,2,0.0880514,0,0.246996,-0.386298,-0.166307,1.44731
531,1,6,2,0.0815236,0,0.225196,-0.395039,-0.188571,1.44846
532,1,6,2,0.0751049,0,0.205022,-0.402322,-0.209506,1.44851
533,1,6,2,0.068434,0,0.186585,-0.408556,-0.228343,1.44954
534,1,6,2,0.0623058,0,0.16952,-0.414345,-0.245531,1.4513
535,1,6,2,0.0569637,0,0.153611,-0.419453,-0.26149,1.45317
536,1,6,2,0.0525425,0,0.138619,-0.424321,-0.276318,1.45561
537,1,2,2,0.0484353,0,0.124686,-0.42906,-0.289429,1.46004
538,1,2,2,0.0450983,0,0.111597,-0.43326,-0.301987,1.46344
539,1,2,2,0.0416766,0,0.0997224,-0.436946,-0.313244,1.46697
540,1,2,2,0.0378637,0,0.0894068,-0.440345,-0.322762,1.47087
541,1,2,2,0.0338665,0,0.0805071,-0.443415,-0.330747,1.47496
542,1,2,2,0.0295157,0,0.0731563,-0.446066,-0.337445,1.478
543,1,2,2,0.0255848,0,0.0666537,-0.447938,-0.343177,1.48135
544,1,2,2,0.0214684,0,0.06153,-0.448876,-0.347632,1.48423
545,1,2,2,0.017194,0,0.0578325,-0.448909,-0.35081,1.48647
546,1,2,2,0.0133237,0,0.0550319,-0.448962,-0.35341,1.48754
547,1,2,2,0.010175,0,0.0529942,-0.448968,-0.355158,1.48879
548,1,2,2,0.0069471,0,0.05211,-0.449076,-0.355895,1.4894
549,1,2,2,0.0047448,0,0.0516825,-0.449811,-0.355995,1.49047
550,1,2,2,0.00330209,0,0.0512553,-0.450381,-0.356333,1.49078
551,1,2,2,0.00208728,0,0.0510692,-0.450336,-0.356492,1.4909
552,1,2,2,0.00132268,0,0.051109,-0.450394,-0.356379,1.49113
553,1,2,2,0,0,0.0509927,-0.450558,-0.356494,1.49114
554,1,2,2,0,0,0.0510616,-0.450379,-0.356587,1.49062
555,1,2,2,0,0,0.0513717,-0.450784,-0.356138,1.49099
556,1,2,2,0,0,0.0518229,-0.450952,-0.355639,1.49107
557,1,2,2,0.00123691,0,0.0522654,-0.451009,-0.355111,1.49127
558,1,2,2,0.00175594,0,0.0528525,-0.451157,-0.354392,1.4916
559,1,2,2,0.00228297,0,0.0534,-0.451648,-0.353662,1.49208
560,1,2,2,0.00184116,0,0.0533447,-0.452137,-0.353676,1.49218
561,1,2,2,0.00162866,0,0.0532225,-0.452614,-0.353732,1.49238
562,1,2,2,0.00106703,0,0.0530403,-0.45276,-0.35413,1.4917
563,1,2,2,0.00140275,0,0.0529879,-0.452864,-0.354413,1.49095
564,2,2,2,0.00215026,0,0.0527659,-0.452743,-0.354942,1.48999
565,0,2,2,0,0,0.0529554,-0.452473,-0.35501,1.48915
566,0,2,2,0,0,0.0530071,-0.452333,-0.355134,1.48858
567,0,2,2,0,0,0.0530013,-0.452404,-0.355177,1.48845
568,0,2,2,0,0,0.0528532,-0.452303,-0.355321,1.4885
569,0,2,2,0,0,0.0527373,-0.45215,-0.355365,1.48876
570,0,2,2,0,0,0.0526006,-0.451991,-0.355405,1.48911
571,0,2,2,0,0,0.0525042,-0.451804,-0.355408,1.48944
572,0,2,2,0,0,0.0525297,-0.451555,-0.355342,1.48958
573,0,2,2,0,0,0.0526971,-0.451518,-0.355199,1.48948
574,0,2,2,0,0,0.0527798,-0.451455,-0.355157,1.48934
575,0,2,2,0,0,0.0527386,-0.451503,-0.355226,1.48925
576,0,2,2,0,0,0.0527956,-0.451658,-0.355225,1.48905
577,0,2,2,0,0,0.0528648,-0.451804,-0.355193,1.48891
578,0,2,2,0,0,0.0528442,-0.451867,-0.355247,1.4888
579,0,2,2,0,0,0.0528368,-0.451972,-0.355229,1.48888
580,0,2,2,0,0,0.0529305,-0.451936,-0.355174,1.48874
581,0,2,2,0,0,0.052924,-0.451925,-0.355195,1.4887
582,0,2,2,0,0,0.0528227,-0.451842,-0.355305,1.48869
583,0,2,2,0,0,0.0528152,-0.45168,-0.355283,1.4888
584,0,2,2,0,0,0.0527701,-0.451482,-0.355339,1.48878
585,0,2,2,0,0,0.0526735,-0.451423,-0.355379,1.48899
586,0,2,2,0,0,0.0525869,-0.45146,-0.355406,1.48919
587,0,2,2,0,0,0.0526499,-0.451496,-0.35533,1.48922
588,0,2,2,0,0,0.0524549,-0.451649,-0.355458,1.48946
589,0,2,2,0,0,0.0524163,-0.451878,-0.355446,1.48961
590,0,2,2,0,0,0.0525224,-0.451887,-0.355381,1.48946
591,0,2,2,0,0,0.0526845,-0.451868,-0.355309,1.48914
592,0,2,2,0,0,0.0526162,-0.451821,-0.355353,1.48923
593,0,2,2,0,0,0.0527618,-0.451696,-0.355238,1.48912
594,0,2,2,0,0,0.0527986,-0.451562,-0.355239,1.489
595,0,2,2,0,0,0.0527954,-0.451624,-0.355218,1.48908
596,0,2,2,0,0,0.0527316,-0.451509,-0.355234,1.48925
597,0,2,2,0,0,0.0526813,-0.451619,-0.355239,1.4894
598,0,2,2,0,0,0.0526632,-0.451685,-0.355278,1.48933
599,0,2,2,0,0,0.0527035,-0.451792,-0.355243,1.4893
600,0,2,2,0,0,0.0527375,-0.45172,-0.355252,1.48916
601,0,2,2,0,0,0.0526286,-0.451829,-0.355328,1.48927
602,0,2,2,0,0,0.0525619,-0.451861,-0.355412,1.48923
603,0,2,2,0,0,0.0525046,-0.451849,-0.355428,1.48937
604,0,2,2,0,0,0.0525212,-0.45166,-0.355436,1.4893
605,0,2,2,0,0,0.0524586,-0.451678,-0.355472,1.48939
606,0,2,2,0,0,0.05265,-0.451619,-0.355368,1.48909
607,0,2,2,0,0,0.0528066,-0.451543,-0.35525,1.48894
608,0,2,2,0,0,0.0528343,-0.451622,-0.355236,1.48889
609,0,2,2,0,0,0.0527843,-0.45181,-0.355266,1.48895
610,0,2,2,0,0,0.0529,-0.451678,-0.35518,1.48884
611,0,2,2,0,0,0.0530271,-0.451671,-0.355082,1.48873
612,0,2,2,0,0,0.0530294,-0.451714,-0.355063,1.48878
613,0,2,2,0,0,0.0530932,-0.451683,-0.354993,1.48879
614,0,2,2,0,0,0.0530786,-0.451602,-0.354975,1.48891
615,0,2,2,0,0,0.0529685,-0.451741,-0.355035,1.48908
616,0,2,2,0,0,0.0526725,-0.451791,-0.355217,1.48949
617,0,2,2,0,0,0.0525919,-0.451795,-0.355269,1.48959
618,0,2,2,0,0,0.0525438,-0.451792,-0.355363,1.48945
619,0,2,2,0,0,0.0525157,-0.451803,-0.355395,1.48944
620,0,2,2,0,0,0.0523291,-0.451976,-0.355541,1.48959
621,0,2,2,0,0,0.0523957,-0.452005,-0.355499,1.4895
622,0,2,2,0,0,0.0524398,-0.452055,-0.355439,1.48954
623,0,2,2,0,0,0.0523258,-0.452124,-0.355458,1.48986
624,0,2,2,0,0,0.0524065,-0.452042,-0.355392,1.48981
625,0,2,2,0,0,0.052592,-0.451874,-0.355301,1.48948
626,0,2,2,0,0,0.0525981,-0.451893,-0.355293,1.48949
627,0,2,2,0,0,0.0526396,-0.451966,-0.35529,1.48935
628,0,2,2,0,0,0.05278,-0.451935,-0.355215,1.48912
629,0,2,2,0,0,0.0528105,-0.452064,-0.355222,1.48898
630,0,2,2,0,0,0.052914,-0.452107,-0.355109,1.489
631,0,2,2,0,0,0.0528096,-0.452162,-0.355153,1.4892
632,0,2,2,0,0,0.0527229,-0.452156,-0.355195,1.48936
633,0,2,2,0,0,0.0526537,-0.45217,-0.355261,1.48938
634,0,2,2,0,0,0.0526804,-0.452177,-0.355246,1.48934
635,0,2,2,0,0,0.0525161,-0.452129,-0.355356,1.48954
636,0,2,2,0,0,0.0525363,-0.452116,-0.35536,1.48946
637,0,2,2,0,0,0.0526228,-0.452003,-0.355319,1.48931
638,0,2,2,0,0,0.0526974,-0.451969,-0.35525,1.48928
639,0,2,2,0,0,0.0525921,-0.451995,-0.355308,1.48945
640,0,2,2,0,0,0.052733,-0.451991,-0.355238,1.4892
641,0,2,2,0,0,0.0527296,-0.452002,-0.355259,1.48914
642,0,2,2,0,0,0.0527817,-0.45202,-0.355225,1.48907
643,0,2,2,0,0,0.0527663,-0.451985,-0.355254,1.48903
644,0,2,2,0,0,0.0528782,-0.451874,-0.355209,1.48881
645,0,2,2,0,0,0.0527311,-0.452025,-0.355261,1.48913
646,0,2,2,0,0,0.0528014,-0.45203,-0.355227,1.489
647,0,2,2,0,0,0.0526907,-0.451989,-0.355315,1.48909
648,0,2,2,0,0,0.0526177,-0.452012,-0.355346,1.48924
649,0,2,2,0,0,0.0525126,-0.45207,-0.355421,1.48935
650,0,2,2,0,0,0.0524984,-0.452193,-0.355423,1.48938
651,0,2,2,0,0,0.0523953,-0.452127,-0.355469,1.48959
652,0,2,2,0,0,0.0523603,-0.45219,-0.355481,1.48966
653,0,2,2,0,0,0.0524242,-0.452201,-0.355458,1.48952
654,0,2,2,0,0,0.0524587,-0.45211,-0.355451,1.48943
655,0,2,2,0,0,0.0526456,-0.45191,-0.355397,1.48899
656,0,2,2,0,0,0.0528715,-0.45178,-0.355282,1.4886
657,0,2,2,0,0,0.0528526,-0.451918,-0.355289,1.48863
658,0,2,2,0,0,0.052749,-0.451996,-0.355339,1.48882
659,0,2,2,0,0,0.052684,-0.452195,-0.355334,1.48904
660,0,2,2,0,0,0.0525894,-0.452186,-0.35537,1.48925
661,0,2,2,0,0,0.0524895,-0.452309,-0.355396,1.48949
662,0,2,2,0,0,0.0526459,-0.452041,-0.355339,1.48916
663,0,2,2,0,0,0.0527767,-0.451977,-0.355232,1.48907
664,0,2,2,0,0,0.0528204,-0.451803,-0.355226,1.48896
665,0,2,2,0,0,0.0527857,-0.451846,-0.355211,1.48912
666,0,2,2,0,0,0.0528273,-0.45184,-0.355207,1.48899
667,0,2,2,0,0,0.0529167,-0.451948,-0.355118,1.48897
668,0,2,2,0,0,0.0529538,-0.451837,-0.355124,1.48883
669,0,2,2,0,0,0.0530178,-0.451919,-0.355066,1.48879
670,0,2,2,0,0,0.0530593,-0.45191,-0.355062,1.48867
671,0,2,2,0,0,0.0529835,-0.451878,-0.355049,1.48897
672,0,2,2,0,0,0.0526828,-0.452006,-0.355196,1.48951
673,0,2,2,0,0,0.0525459,-0.452164,-0.355277,1.4897
674,0,2,2,0,0,0.0523756,-0.452163,-0.355359,1.49001
675,0,2,2,0,0,0.0524301,-0.452022,-0.355351,1.48986
676,0,2,2,0,0,0.0524183,-0.452069,-0.355394,1.48976
677,0,2,2,0,0,0.0525342,-0.451958,-0.355405,1.48933
678,0,2,2,0,0,0.052492,-0.4519,-0.355408,1.48947
679,0,2,2,0,0,0.0525125,-0.451952,-0.35542,1.48936
680,0,2,2,0,0,0.0523787,-0.452113,-0.355462,1.48967
681,0,2,2,0,0,0.0524353,-0.452118,-0.355441,1.48954
682,0,2,2,0,0,0.052488,-0.452053,-0.355396,1.48951
683,0,2,2,0,0,0.0524917,-0.452106,-0.35541,1.48945
684,0,2,2,0,0,0.0526119,-0.452037,-0.355335,1.48929
685,0,2,2,0,0,0.0527342,-0.451976,-0.355285,1.48904
686,0,2,2,0,0,0.052714,-0.451871,-0.355259,1.4892
687,0,2,2,0,0,0.052567,-0.451928,-0.355289,1.4896
688,0,2,2,0,0,0.0527139,-0.451828,-0.355204,1.48939
689,0,2,2,0,0,0.0525886,-0.451965,-0.355242,1.48968
690,0,2,2,0,0,0.0524855,-0.452082,-0.355331,1.48973
691,0,2,2,0,0,0.0525461,-0.452229,-0.355315,1.48957
692,0,2,2,0,0,0.052708,-0.452239,-0.355243,1.48925
693,0,2,2,0,0,0.0526904,-0.452259,-0.355231,1.48935
694,0,2,2,0,0,0.0527193,-0.452228,-0.355223,1.48928
695,0,2,2,0,0,0.0526589,-0.452087,-0.355233,1.48946
