0.000000,0.000000,-1.000000,-1.000000,0.000000,-1.000000,0.600776,-0.449952,0.286274,1.073270
1.000000,0.000000,-1.000000,-1.000000,0.000000,-1.000000,0.600472,-0.449390,0.287396,1.079845
2.000000,0.000000,-1.000000,-1.000000,0.000000,-1.000000,0.600300,-0.446911,0.288666,1.086560
3.000000,0.000000,-1.000000,-1.000000,0.000000,-1.000000,0.600882,-0.444670,0.290243,1.091142
4.000000,0.000000,-1.000000,-1.000000,0.000000,-1.000000,0.601554,-0.443097,0.291570,1.094132
5.000000,0.000000,-1.000000,-1.000000,0.000000,-1.000000,0.602422,-0.442333,0.292841,1.095910
6.000000,0.000000,-1.000000,-1.000000,0.000000,-1.000000,0.603659,-0.441733,0.294425,1.097389
7.000000,0.000000,-1.000000,-1.000000,0.000000,-1.000000,0.604878,-0.441354,0.295902,1.098451
8.000000,0.000000,-1.000000,-1.000000,0.000000,-1.000000,0.606306,-0.441085,0.297525,1.099203
9.000000,0.000000,-1.000000,-1.000000,0.000000,-1.000000,0.608548,-0.440019,0.300593,1.102779
10.000000,0.000000,-1.000000,-1.000000,0.000000,-1.000000,0.610951,-0.439027,0.303490,1.104820
11.000000,0.000000,-1.000000,-1.000000,0.000000,-1.000000,0.613454,-0.438809,0.306178,1.105403
12.000000,0.000000,-1.000000,-1.000000,0.000000,-1.000000,0.615714,-0.438977,0.308491,1.105396
13.000000,0.000000,-1.000000,-1.000000,0.000000,-1.000000,0.617719,-0.439234,0.310513,1.105244
14.000000,0.000000,-1.000000,-1.000000,0.000000,-1.000000,0.619327,-0.439290,0.312148,1.105186
15.000000,0.000000,-1.000000,-1.000000,0.000000,-1.000000,0.620226,-0.439379,0.313013,1.104936
16.000000,0.000000,-1.000000,-1.000000,0.000000,-1.000000,0.620746,-0.439485,0.313525,1.104836
17.000000,0.000000,-1.000000,-1.000000,0.000000,-1.000000,0.620794,-0.439604,0.313570,1.104811
18.000000,0.000000,-1.000000,-1.000000,0.000000,-1.000000,0.620629,-0.439493,0.313396,1.104796
19.000000,0.000000,-1.000000,-1.000000,0.000000,-1.000000,0.620657,-0.439210,0.313392,1.104654
20.000000,0.000000,-1.000000,-1.000000,0.000000,-1.000000,0.621240,-0.439023,0.314050,1.104941
21.000000,0.000000,-1.000000,-1.000000,0.000000,-1.000000,0.622044,-0.439156,0.315175,1.106317
22.000000,0.000000,-1.000000,-1.000000,0.000000,-1.000000,0.622142,-0.439562,0.315710,1.108289
23.000000,0.000000,-1.000000,-1.000000,0.000000,-1.000000,0.622697,-0.439931,0.316706,1.110227
24.000000,0.000000,-1.000000,-1.000000,0.000000,-1.000000,0.623204,-0.440430,0.317698,1.112367
25.000000,0.000000,-1.000000,-1.000000,0.000000,-1.000000,0.623640,-0.440793,0.318563,1.114266
26.000000,0.000000,-1.000000,-1.000000,0.000000,-1.000000,0.624059,-0.441151,0.319423,1.116216
27.000000,0.000000,-1.000000,-1.000000,0.000000,-1.000000,0.624280,-0.441603,0.320066,1.118100
28.000000,0.000000,-1.000000,-1.000000,0.000000,-1.000000,0.624154,-0.442371,0.320411,1.120233
29.000000,0.000000,-1.000000,-1.000000,0.000000,-1.000000,0.623304,-0.443069,0.319916,1.121920
30.000000,0.000000,-1.000000,-1.000000,0.000000,-1.000000,0.622152,-0.443503,0.318878,1.122548
31.000000,0.000000,-1.000000,-1.000000,0.000000,-1.000000,0.621814,-0.443635,0.318507,1.122426
32.000000,0.000000,-1.000000,-1.000000,0.000000,-1.000000,0.621090,-0.443778,0.317776,1.122466
33.000000,0.000000,-1.000000,-1.000000,0.000000,-1.000000,0.620700,-0.443898,0.317356,1.122364
34.000000,0.000000,-1.000000,-1.000000,0.000000,-1.000000,0.620480,-0.444079,0.317147,1.122437
35.000000,0.000000,-1.000000,-1.000000,0.000000,-1.000000,0.620403,-0.444231,0.317064,1.122407
36.000000,0.000000,-1.000000,-1.000000,0.000000,-1.000000,0.620345,-0.444415,0.317019,1.122466
37.000000,0.000000,-1.000000,-1.000000,0.000000,-1.000000,0.620388,-0.444444,0.317024,1.122287
38.000000,0.000000,-1.000000,-1.000000,0.000000,-1.000000,0.620580,-0.444472,0.317196,1.122170
39.000000,0.000000,-1.000000,-1.000000,0.000000,-1.000000,0.620668,-0.444402,0.317278,1.122140
40.000000,0.000000,-1.000000,-1.000000,0.000000,-1.000000,0.620633,-0.444338,0.317259,1.122217
41.000000,0.000000,-1.000000,-1.000000,0.000000,-1.000000,0.620444,-0.444364,0.317082,1.122294
42.000000,0.000000,-1.000000,-1.000000,0.000000,-1.000000,0.620192,-0.444232,0.316825,1.122301
43.000000,0.000000,-1.000000,-1.000000,0.000000,-1.000000,0.620004,-0.443854,0.316592,1.122132
44.000000,3.000000,11.000000,11.000000,0.001383,0.000000,0.619612,-0.443357,0.316123,1.121849
45.000000,1.000000,11.000000,11.000000,0.002123,0.000000,0.619192,-0.442610,0.315646,1.121663
46.000000,1.000000,11.000000,11.000000,0.002766,0.000000,0.618810,-0.441810,0.315215,1.121514
47.000000,1.000000,11.000000,11.000000,0.003296,0.000000,0.618218,-0.441137,0.314598,1.121494
48.000000,1.000000,11.000000,11.000000,0.003519,0.000000,0.617823,-0.440622,0.314152,1.121329
49.000000,1.000000,11.000000,11.000000,0.003442,0.000000,0.617748,-0.440144,0.314037,1.121171
50.000000,1.000000,11.000000,11.000000,0.003408,0.000000,0.617745,-0.439564,0.313979,1.120944
51.000000,1.000000,11.000000,11.000000,0.003308,0.000000,0.617651,-0.439046,0.313840,1.120771
52.000000,1.000000,11.000000,11.000000,0.003142,0.000000,0.617483,-0.438599,0.313628,1.120612
53.000000,1.000000,11.000000,11.000000,0.002858,0.000000,0.617450,-0.438187,0.313576,1.120546
54.000000,1.000000,11.000000,11.000000,0.002654,0.000000,0.617325,-0.437878,0.313370,1.120201
55.000000,1.000000,11.000000,11.000000,0.002410,0.000000,0.617098,-0.437934,0.313013,1.119630
56.000000,1.000000,11.000000,11.000000,0.003575,0.000000,0.616897,-0.437225,0.312467,1.118104
57.000000,1.000000,11.000000,11.000000,0.004804,0.000000,0.616572,-0.436622,0.311772,1.116478
58.000000,1.000000,11.000000,11.000000,0.006411,0.000000,0.615977,-0.435810,0.310730,1.114534
59.000000,1.000000,11.000000,11.000000,0.008183,0.000000,0.615178,-0.435005,0.309412,1.112282
60.000000,1.000000,11.000000,11.000000,0.010220,0.000000,0.614028,-0.434062,0.307663,1.109711
61.000000,1.000000,11.000000,11.000000,0.012130,0.000000,0.612259,-0.433215,0.305309,1.107263
62.000000,1.000000,11.000000,11.000000,0.014586,0.000000,0.609947,-0.432237,0.302279,1.104277
63.000000,1.000000,11.000000,11.000000,0.017304,0.000000,0.606948,-0.431268,0.298487,1.101019
64.000000,1.000000,11.000000,11.000000,0.019706,0.000000,0.603184,-0.430081,0.294030,1.098310
65.000000,1.000000,11.000000,11.000000,0.022569,0.000000,0.597963,-0.429230,0.288141,1.095861
66.000000,1.000000,11.000000,11.000000,0.026246,0.000000,0.591521,-0.428013,0.280996,1.093401
67.000000,1.000000,11.000000,11.000000,0.029570,0.000000,0.584320,-0.427130,0.273255,1.091751
68.000000,1.000000,11.000000,11.000000,0.032234,0.000000,0.576951,-0.426301,0.265499,1.090814
69.000000,1.000000,11.000000,11.000000,0.034062,0.000000,0.569484,-0.425953,0.257862,1.090861
70.000000,1.000000,11.000000,11.000000,0.035303,0.000000,0.562119,-0.425765,0.250431,1.091366
71.000000,1.000000,11.000000,11.000000,0.035982,0.000000,0.554673,-0.425154,0.243223,1.093287
72.000000,1.000000,11.000000,11.000000,0.036295,0.000000,0.547398,-0.423679,0.236431,1.096348
73.000000,1.000000,11.000000,11.000000,0.036493,0.000000,0.540434,-0.421117,0.230071,1.099974
74.000000,1.000000,0.000000,6.000000,0.035736,0.000000,0.534703,-0.418562,0.225235,1.104796
75.000000,1.000000,0.000000,6.000000,0.034536,0.000000,0.530060,-0.416122,0.221553,1.109793
76.000000,1.000000,0.000000,6.000000,0.033980,0.000000,0.525629,-0.413379,0.218150,1.115094
77.000000,1.000000,0.000000,6.000000,0.033651,0.000000,0.521445,-0.410155,0.214879,1.119860
78.000000,1.000000,0.000000,6.000000,0.033573,0.000000,0.517293,-0.406398,0.211554,1.124251
79.000000,1.000000,0.000000,6.000000,0.034161,0.000000,0.513371,-0.401127,0.208448,1.128631
80.000000,1.000000,0.000000,6.000000,0.033934,0.000000,0.508940,-0.398638,0.204974,1.133594
81.000000,1.000000,0.000000,6.000000,0.032891,0.000000,0.504662,-0.397321,0.201624,1.138357
82.000000,1.000000,0.000000,6.000000,0.031644,0.000000,0.500585,-0.396779,0.198514,1.143242
83.000000,1.000000,0.000000,6.000000,0.030869,0.000000,0.496525,-0.395847,0.195430,1.148182
84.000000,1.000000,0.000000,6.000000,0.030854,0.000000,0.492463,-0.394837,0.192502,1.153849
85.000000,1.000000,0.000000,6.000000,0.030478,0.000000,0.488816,-0.393550,0.189892,1.159037
86.000000,1.000000,0.000000,6.000000,0.031056,0.000000,0.484777,-0.392238,0.187062,1.165057
87.000000,1.000000,0.000000,6.000000,0.032516,0.000000,0.480265,-0.390067,0.183874,1.171690
88.000000,1.000000,0.000000,6.000000,0.033317,0.000000,0.475949,-0.389046,0.180850,1.178108
89.000000,1.000000,0.000000,6.000000,0.033530,0.000000,0.472375,-0.385418,0.178343,1.183528
90.000000,1.000000,0.000000,6.000000,0.034585,0.000000,0.468772,-0.380958,0.175921,1.189508
91.000000,1.000000,0.000000,6.000000,0.036215,0.000000,0.464345,-0.375776,0.172629,1.195398
92.000000,1.000000,0.000000,6.000000,0.038559,0.000000,0.459172,-0.370059,0.168651,1.201668
93.000000,1.000000,0.000000,6.000000,0.041141,0.000000,0.453591,-0.363649,0.164230,1.207857
94.000000,1.000000,0.000000,6.000000,0.043841,0.000000,0.447384,-0.357013,0.159165,1.214031
95.000000,1.000000,0.000000,6.000000,0.046096,0.000000,0.441131,-0.350362,0.154027,1.220098
96.000000,1.000000,0.000000,6.000000,0.046733,0.000000,0.435436,-0.344635,0.149315,1.225453
97.000000,1.000000,0.000000,6.000000,0.047821,0.000000,0.429486,-0.338158,0.144352,1.230890
98.000000,1.000000,0.000000,6.000000,0.049026,0.000000,0.423179,-0.331175,0.139016,1.236314
99.000000,1.000000,0.000000,6.000000,0.050056,0.000000,0.416518,-0.323874,0.133214,1.241276
100.000000,1.000000,0.000000,6.000000,0.051265,0.000000,0.409838,-0.315984,0.127413,1.246360
101.000000,1.000000,0.000000,6.000000,0.051204,0.000000,0.403656,-0.308736,0.121961,1.250678
102.000000,1.000000,0.000000,6.000000,0.051220,0.000000,0.396748,-0.301802,0.115738,1.254862
103.000000,1.000000,0.000000,6.000000,0.051599,0.000000,0.389795,-0.294432,0.109488,1.259146
104.000000,1.000000,0.000000,6.000000,0.052308,0.000000,0.382631,-0.286753,0.103016,1.263416
105.000000,1.000000,0.000000,6.000000,0.053355,0.000000,0.375066,-0.278826,0.096115,1.267617
106.000000,1.000000,0.000000,6.000000,0.054727,0.000000,0.366605,-0.270876,0.088298,1.271818
107.000000,1.000000,0.000000,6.000000,0.055687,0.000000,0.357766,-0.263683,0.080171,1.276343
108.000000,1.000000,0.000000,6.000000,0.056517,0.000000,0.348796,-0.256846,0.072045,1.281464
109.000000,1.000000,0.000000,6.000000,0.056170,0.000000,0.340259,-0.251044,0.064263,1.286097
110.000000,1.000000,0.000000,6.000000,0.056362,0.000000,0.331387,-0.245097,0.056257,1.291273
111.000000,1.000000,0.000000,6.000000,0.056328,0.000000,0.322687,-0.239204,0.048448,1.296543
112.000000,1.000000,0.000000,6.000000,0.056095,0.000000,0.313852,-0.234073,0.040663,1.302520
113.000000,1.000000,0.000000,6.000000,0.056242,0.000000,0.304723,-0.228713,0.032597,1.308597
114.000000,1.000000,0.000000,6.000000,0.056273,0.000000,0.295819,-0.223280,0.024785,1.314789
115.000000,1.000000,0.000000,6.000000,0.055411,0.000000,0.287982,-0.218107,0.018069,1.320989
116.000000,1.000000,0.000000,6.000000,0.054506,0.000000,0.280479,-0.212604,0.011615,1.326831
117.000000,1.000000,0.000000,6.000000,0.053318,0.000000,0.273253,-0.207244,0.005344,1.332214
118.000000,1.000000,0.000000,6.000000,0.052118,0.000000,0.266344,-0.201546,-0.000707,1.337126
119.000000,1.000000,0.000000,6.000000,0.050259,0.000000,0.260150,-0.195852,-0.006203,1.341234
120.000000,1.000000,0.000000,6.000000,0.048024,0.000000,0.254638,-0.190246,-0.011104,1.344871
121.000000,1.000000,0.000000,6.000000,0.045700,0.000000,0.249393,-0.184706,-0.015883,1.347810
122.000000,1.000000,0.000000,6.000000,0.042930,0.000000,0.244756,-0.179470,-0.020232,1.349854
123.000000,1.000000,0.000000,6.000000,0.040514,0.000000,0.240457,-0.174068,-0.024331,1.351464
124.000000,1.000000,0.000000,6.000000,0.038202,0.000000,0.235854,-0.169503,-0.028827,1.352650
125.000000,1.000000,0.000000,6.000000,0.035684,0.000000,0.231609,-0.165542,-0.033012,1.353557
126.000000,1.000000,0.000000,6.000000,0.033784,0.000000,0.227469,-0.161284,-0.037213,1.353913
127.000000,1.000000,0.000000,6.000000,0.032979,0.000000,0.222721,-0.156789,-0.041980,1.354534
128.000000,1.000000,0.000000,6.000000,0.033593,0.000000,0.216983,-0.151788,-0.047740,1.355273
129.000000,1.000000,0.000000,6.000000,0.034727,0.000000,0.211018,-0.146492,-0.053729,1.356041
130.000000,1.000000,0.000000,6.000000,0.036802,0.000000,0.204256,-0.140713,-0.060577,1.356628
131.000000,1.000000,0.000000,6.000000,0.039917,0.000000,0.196674,-0.134061,-0.068142,1.357819
132.000000,1.000000,0.000000,6.000000,0.044020,0.000000,0.188075,-0.126525,-0.076684,1.359338
133.000000,1.000000,0.000000,6.000000,0.048213,0.000000,0.179181,-0.118422,-0.085566,1.360708
134.000000,1.000000,0.000000,6.000000,0.052838,0.000000,0.169695,-0.109437,-0.095115,1.361834
135.000000,1.000000,0.000000,6.000000,0.056134,0.000000,0.160633,-0.100757,-0.104263,1.362800
136.000000,1.000000,0.000000,6.000000,0.057548,0.000000,0.152375,-0.092902,-0.112644,1.363474
137.000000,1.000000,0.000000,6.000000,0.057011,0.000000,0.145209,-0.085972,-0.120013,1.363621
138.000000,1.000000,17.000000,17.000000,0.055284,0.000000,0.138740,-0.079696,-0.126752,1.363363
139.000000,1.000000,17.000000,17.000000,0.051743,0.000000,0.133794,-0.074293,-0.131985,1.362822
140.000000,1.000000,17.000000,17.000000,0.046098,0.000000,0.130295,-0.070868,-0.135927,1.361324
141.000000,1.000000,17.000000,17.000000,0.039106,0.000000,0.128257,-0.068951,-0.138505,1.359160
142.000000,1.000000,17.000000,17.000000,0.032052,0.000000,0.127126,-0.067627,-0.140099,1.357222
143.000000,1.000000,17.000000,17.000000,0.025191,0.000000,0.126889,-0.067047,-0.140806,1.355126
144.000000,1.000000,17.000000,17.000000,0.019882,0.000000,0.126780,-0.066707,-0.141445,1.352732
145.000000,1.000000,17.000000,17.000000,0.016220,0.000000,0.126932,-0.066588,-0.141881,1.350032
146.000000,1.000000,17.000000,17.000000,0.013560,0.000000,0.126839,-0.067231,-0.142439,1.347891
147.000000,1.000000,17.000000,17.000000,0.012069,0.000000,0.127239,-0.068293,-0.142510,1.345651
148.000000,1.000000,17.000000,17.000000,0.011545,0.000000,0.128122,-0.069826,-0.142069,1.343469
149.000000,1.000000,17.000000,17.000000,0.011301,0.000000,0.129332,-0.070814,-0.141239,1.341552
150.000000,1.000000,17.000000,17.000000,0.011292,0.000000,0.130868,-0.071925,-0.140051,1.339748
151.000000,1.000000,17.000000,17.000000,0.012085,0.000000,0.132765,-0.073305,-0.138599,1.337450
152.000000,1.000000,17.000000,17.000000,0.013293,0.000000,0.135132,-0.075086,-0.136695,1.335001
153.000000,1.000000,17.000000,17.000000,0.015039,0.000000,0.137959,-0.077456,-0.134356,1.332364
154.000000,1.000000,17.000000,17.000000,0.016885,0.000000,0.141379,-0.080187,-0.131322,1.330113
155.000000,1.000000,17.000000,17.000000,0.018740,0.000000,0.145288,-0.082315,-0.127879,1.327463
156.000000,1.000000,17.000000,17.000000,0.019692,0.000000,0.148699,-0.084030,-0.124909,1.325008
157.000000,1.000000,17.000000,17.000000,0.019754,0.000000,0.151684,-0.085147,-0.122331,1.322771
158.000000,1.000000,17.000000,17.000000,0.019267,0.000000,0.154254,-0.086402,-0.120071,1.321024
159.000000,1.000000,17.000000,17.000000,0.018112,0.000000,0.156398,-0.087436,-0.118160,1.319680
160.000000,1.000000,17.000000,17.000000,0.016074,0.000000,0.157911,-0.088183,-0.116742,1.319051
161.000000,1.000000,17.000000,17.000000,0.013481,0.000000,0.158999,-0.088589,-0.115611,1.319112
162.000000,1.000000,17.000000,17.000000,0.010581,0.000000,0.159704,-0.088559,-0.114742,1.319786
163.000000,1.000000,17.000000,17.000000,0.007410,0.000000,0.159591,-0.088273,-0.114657,1.320717
164.000000,1.000000,17.000000,17.000000,0.005071,0.000000,0.159259,-0.088156,-0.114678,1.322177
165.000000,1.000000,17.000000,17.000000,0.004338,0.000000,0.158905,-0.088242,-0.114712,1.323679
166.000000,1.000000,17.000000,17.000000,0.004854,0.000000,0.158660,-0.088563,-0.114645,1.325116
167.000000,1.000000,6.000000,3.000000,0.005445,0.000000,0.158457,-0.089177,-0.114591,1.326284
168.000000,1.000000,6.000000,3.000000,0.005813,0.000000,0.158337,-0.089866,-0.114491,1.327273
169.000000,1.000000,6.000000,3.000000,0.005988,0.000000,0.158397,-0.090467,-0.114216,1.328222
170.000000,1.000000,6.000000,3.000000,0.005695,0.000000,0.158576,-0.090761,-0.113881,1.328907
171.000000,1.000000,6.000000,3.000000,0.005089,0.000000,0.159142,-0.090682,-0.113205,1.329348
172.000000,1.000000,6.000000,3.000000,0.004307,0.000000,0.160144,-0.090349,-0.112184,1.329339
173.000000,1.000000,6.000000,3.000000,0.003608,0.000000,0.161224,-0.089918,-0.111189,1.328854
174.000000,1.000000,6.000000,3.000000,0.003762,0.000000,0.162453,-0.089317,-0.110051,1.328330
175.000000,1.000000,6.000000,3.000000,0.004249,0.000000,0.163480,-0.088534,-0.109147,1.327692
176.000000,1.000000,6.000000,3.000000,0.005139,0.000000,0.164603,-0.087526,-0.108122,1.327166
177.000000,1.000000,6.000000,3.000000,0.005745,0.000000,0.165511,-0.086553,-0.107266,1.326873
178.000000,1.000000,6.000000,3.000000,0.006171,0.000000,0.166432,-0.085665,-0.106409,1.326514
179.000000,1.000000,6.000000,3.000000,0.005715,0.000000,0.166879,-0.085334,-0.106000,1.326312
180.000000,1.000000,6.000000,3.000000,0.004791,0.000000,0.167100,-0.085415,-0.105835,1.326023
181.000000,1.000000,6.000000,3.000000,0.003926,0.000000,0.167245,-0.085432,-0.105775,1.325621
182.000000,1.000000,6.000000,3.000000,0.003222,0.000000,0.167463,-0.085460,-0.105636,1.325233
183.000000,1.000000,6.000000,3.000000,0.002526,0.000000,0.167483,-0.085500,-0.105695,1.324872
184.000000,1.000000,6.000000,3.000000,0.002055,0.000000,0.167358,-0.085585,-0.105919,1.324424
185.000000,1.000000,6.000000,3.000000,0.001803,0.000000,0.166928,-0.085455,-0.106425,1.324134
186.000000,1.000000,6.000000,3.000000,0.001723,0.000000,0.166636,-0.085109,-0.106749,1.324036
187.000000,1.000000,6.000000,3.000000,0.002391,0.000000,0.165622,-0.084850,-0.107846,1.323778
188.000000,1.000000,6.000000,3.000000,0.003185,0.000000,0.164750,-0.084056,-0.108787,1.323587
189.000000,1.000000,6.000000,3.000000,0.004080,0.000000,0.163727,-0.083205,-0.109873,1.323453
190.000000,1.000000,6.000000,3.000000,0.004861,0.000000,0.162420,-0.082690,-0.111192,1.323559
191.000000,1.000000,6.000000,3.000000,0.005530,0.000000,0.161019,-0.082252,-0.112546,1.323947
192.000000,1.000000,6.000000,3.000000,0.006210,0.000000,0.159424,-0.081963,-0.114072,1.324444
193.000000,1.000000,6.000000,3.000000,0.006948,0.000000,0.157658,-0.081674,-0.115755,1.325027
194.000000,1.000000,6.000000,3.000000,0.007611,0.000000,0.155854,-0.081312,-0.117484,1.325584
195.000000,1.000000,6.000000,3.000000,0.008067,0.000000,0.154176,-0.080769,-0.119203,1.325600
196.000000,1.000000,6.000000,3.000000,0.007730,0.000000,0.153260,-0.079953,-0.120150,1.325597
197.000000,1.000000,6.000000,3.000000,0.007050,0.000000,0.152561,-0.079545,-0.120866,1.325607
198.000000,1.000000,6.000000,3.000000,0.006407,0.000000,0.151869,-0.079102,-0.121542,1.325772
199.000000,1.000000,6.000000,3.000000,0.005736,0.000000,0.151107,-0.079057,-0.122281,1.325966
200.000000,1.000000,6.000000,3.000000,0.005214,0.000000,0.150342,-0.078842,-0.123054,1.326018
201.000000,1.000000,6.000000,3.000000,0.004565,0.000000,0.149852,-0.078468,-0.123542,1.326099
202.000000,1.000000,6.000000,3.000000,0.003747,0.000000,0.149684,-0.078080,-0.123677,1.326286
203.000000,1.000000,6.000000,3.000000,0.002745,0.000000,0.149753,-0.078031,-0.123631,1.326171
204.000000,1.000000,6.000000,3.000000,0.001992,0.000000,0.149606,-0.078320,-0.123680,1.326628
205.000000,1.000000,6.000000,3.000000,0.001647,0.000000,0.149648,-0.078507,-0.123490,1.327287
206.000000,1.000000,6.000000,3.000000,0.001538,0.000000,0.149805,-0.078751,-0.123239,1.327692
207.000000,1.000000,6.000000,3.000000,0.001632,0.000000,0.150020,-0.079035,-0.122951,1.327991
208.000000,1.000000,6.000000,3.000000,0.001963,0.000000,0.150462,-0.079024,-0.122413,1.328381
209.000000,1.000000,6.000000,3.000000,0.002409,0.000000,0.150910,-0.079366,-0.121877,1.328721
210.000000,1.000000,6.000000,3.000000,0.002840,0.000000,0.151355,-0.079838,-0.121344,1.329056
211.000000,1.000000,6.000000,3.000000,0.003088,0.000000,0.151747,-0.080258,-0.120874,1.329349
212.000000,1.000000,6.000000,3.000000,0.003407,0.000000,0.152230,-0.080628,-0.120276,1.329804
213.000000,1.000000,6.000000,3.000000,0.003546,0.000000,0.152750,-0.081125,-0.119698,1.329997
214.000000,1.000000,6.000000,3.000000,0.003626,0.000000,0.153078,-0.081911,-0.119341,1.330057
215.000000,1.000000,6.000000,3.000000,0.003581,0.000000,0.153207,-0.082550,-0.119160,1.330252
216.000000,1.000000,6.000000,3.000000,0.003450,0.000000,0.153263,-0.083107,-0.119056,1.330440
217.000000,1.000000,6.000000,3.000000,0.003403,0.000000,0.153362,-0.083681,-0.118897,1.330682
218.000000,1.000000,6.000000,3.000000,0.003147,0.000000,0.153566,-0.084000,-0.118647,1.330854
219.000000,1.000000,6.000000,3.000000,0.002844,0.000000,0.154030,-0.084177,-0.118178,1.330820
220.000000,1.000000,6.000000,3.000000,0.002602,0.000000,0.154876,-0.084087,-0.117393,1.330453
221.000000,1.000000,6.000000,3.000000,0.002505,0.000000,0.155645,-0.083833,-0.116761,1.329751
222.000000,1.000000,6.000000,3.000000,0.003120,0.000000,0.156640,-0.083461,-0.115990,1.328638
223.000000,1.000000,6.000000,3.000000,0.004400,0.000000,0.157715,-0.083159,-0.115271,1.326907
224.000000,1.000000,6.000000,3.000000,0.006486,0.000000,0.159432,-0.082681,-0.114023,1.324600
225.000000,1.000000,6.000000,3.000000,0.009043,0.000000,0.161588,-0.082356,-0.112479,1.321583
226.000000,1.000000,6.000000,3.000000,0.011993,0.000000,0.163721,-0.081803,-0.111173,1.317596
227.000000,1.000000,6.000000,3.000000,0.014865,0.000000,0.165977,-0.081526,-0.109830,1.313191
228.000000,1.000000,6.000000,3.000000,0.017905,0.000000,0.168301,-0.081392,-0.108579,1.308041
229.000000,1.000000,6.000000,3.000000,0.021282,0.000000,0.170688,-0.081625,-0.107472,1.301924
230.000000,1.000000,6.000000,3.000000,0.024379,0.000000,0.173163,-0.081915,-0.106335,1.295529
231.000000,1.000000,6.000000,3.000000,0.027469,0.000000,0.175688,-0.082142,-0.105282,1.288519
232.000000,1.000000,6.000000,3.000000,0.030703,0.000000,0.178509,-0.082220,-0.104092,1.280758
233.000000,1.000000,6.000000,3.000000,0.033529,0.000000,0.181058,-0.082540,-0.103245,1.272690
234.000000,1.000000,6.000000,3.000000,0.035886,0.000000,0.183778,-0.082504,-0.102252,1.264502
235.000000,1.000000,6.000000,3.000000,0.038045,0.000000,0.187272,-0.082203,-0.100524,1.256062
236.000000,1.000000,6.000000,3.000000,0.040806,0.000000,0.191799,-0.081225,-0.097956,1.246668
237.000000,1.000000,6.000000,3.000000,0.043268,0.000000,0.196717,-0.080126,-0.095021,1.237119
238.000000,1.000000,6.000000,3.000000,0.045532,0.000000,0.202049,-0.078671,-0.091702,1.227401
239.000000,1.000000,6.000000,3.000000,0.048354,0.000000,0.208117,-0.076722,-0.087808,1.216896
240.000000,1.000000,6.000000,3.000000,0.050894,0.000000,0.214293,-0.073972,-0.083824,1.206327
241.000000,1.000000,6.000000,3.000000,0.052565,0.000000,0.220468,-0.070999,-0.079723,1.196310
242.000000,1.000000,6.000000,3.000000,0.054487,0.000000,0.226929,-0.067582,-0.075430,1.185849
243.000000,1.000000,6.000000,3.000000,0.057122,0.000000,0.233992,-0.063440,-0.070717,1.174523
244.000000,1.000000,6.000000,3.000000,0.059633,0.000000,0.240988,-0.058640,-0.066140,1.162919
245.000000,1.000000,6.000000,3.000000,0.061932,0.000000,0.247493,-0.053098,-0.062136,1.151024
246.000000,1.000000,6.000000,3.000000,0.064579,0.000000,0.253898,-0.046291,-0.058335,1.138723
247.000000,1.000000,6.000000,3.000000,0.066328,0.000000,0.259558,-0.039014,-0.055181,1.126978
248.000000,1.000000,6.000000,3.000000,0.067806,0.000000,0.264562,-0.031109,-0.052690,1.115294
249.000000,1.000000,6.000000,3.000000,0.069518,0.000000,0.270024,-0.022808,-0.049771,1.103440
250.000000,1.000000,6.000000,3.000000,0.071703,0.000000,0.276230,-0.013639,-0.046136,1.091412
251.000000,1.000000,6.000000,3.000000,0.074029,0.000000,0.283027,-0.003418,-0.041869,1.079561
252.000000,1.000000,6.000000,3.000000,0.076033,0.000000,0.289909,0.007240,-0.037468,1.067939
253.000000,1.000000,6.000000,3.000000,0.077299,0.000000,0.296866,0.017739,-0.032890,1.056770
254.000000,1.000000,6.000000,3.000000,0.077968,0.000000,0.304059,0.028449,-0.027905,1.046363
255.000000,1.000000,6.000000,3.000000,0.077115,0.000000,0.311012,0.038300,-0.022916,1.037063
256.000000,1.000000,6.000000,3.000000,0.076749,0.000000,0.319169,0.048304,-0.016679,1.027836
257.000000,1.000000,6.000000,3.000000,0.076481,0.000000,0.328504,0.058293,-0.009121,1.019137
258.000000,1.000000,6.000000,3.000000,0.075461,0.000000,0.337802,0.067817,-0.001407,1.011304
259.000000,1.000000,6.000000,3.000000,0.074342,0.000000,0.347025,0.077247,0.006298,1.003774
260.000000,1.000000,6.000000,3.000000,0.073128,0.000000,0.356147,0.086785,0.014053,0.996957
261.000000,1.000000,6.000000,3.000000,0.070870,0.000000,0.364729,0.095512,0.021536,0.991382
262.000000,1.000000,6.000000,3.000000,0.068882,0.000000,0.373731,0.104103,0.029639,0.986670
263.000000,1.000000,6.000000,3.000000,0.067101,0.000000,0.383060,0.112345,0.038220,0.982598
264.000000,1.000000,6.000000,3.000000,0.066295,0.000000,0.392810,0.120993,0.047244,0.978600
265.000000,1.000000,6.000000,3.000000,0.065356,0.000000,0.402442,0.129465,0.056285,0.975224
266.000000,1.000000,6.000000,3.000000,0.064016,0.000000,0.412190,0.137078,0.065696,0.972957
267.000000,1.000000,6.000000,3.000000,0.063581,0.000000,0.422533,0.144754,0.075762,0.970904
268.000000,1.000000,6.000000,3.000000,0.063620,0.000000,0.433233,0.152316,0.086273,0.969209
269.000000,1.000000,6.000000,3.000000,0.063873,0.000000,0.444622,0.158986,0.097504,0.967543
270.000000,1.000000,6.000000,3.000000,0.064766,0.000000,0.456584,0.165646,0.109343,0.965971
271.000000,1.000000,6.000000,3.000000,0.065582,0.000000,0.468648,0.172110,0.121214,0.964067
272.000000,1.000000,14.000000,14.000000,0.066189,0.000000,0.480942,0.177946,0.133335,0.962195
273.000000,1.000000,14.000000,14.000000,0.067066,0.000000,0.493727,0.183616,0.145915,0.960120
274.000000,1.000000,14.000000,14.000000,0.067579,0.000000,0.506632,0.188426,0.158587,0.957863
275.000000,1.000000,14.000000,14.000000,0.067974,0.000000,0.519639,0.192963,0.171198,0.954844
276.000000,1.000000,14.000000,14.000000,0.067662,0.000000,0.532166,0.197076,0.183360,0.951998
277.000000,1.000000,14.000000,14.000000,0.065916,0.000000,0.543793,0.199508,0.194674,0.949413
278.000000,1.000000,14.000000,14.000000,0.063257,0.000000,0.554422,0.201354,0.205015,0.947024
279.000000,1.000000,14.000000,14.000000,0.060469,0.000000,0.564571,0.203152,0.214881,0.944708
280.000000,1.000000,14.000000,14.000000,0.057605,0.000000,0.574205,0.205021,0.224329,0.942899
281.000000,1.000000,14.000000,14.000000,0.054546,0.000000,0.583195,0.206944,0.233133,0.941158
282.000000,1.000000,14.000000,14.000000,0.051373,0.000000,0.591685,0.208403,0.241491,0.939699
283.000000,1.000000,14.000000,14.000000,0.048500,0.000000,0.599744,0.210597,0.249400,0.938234
284.000000,1.000000,14.000000,14.000000,0.044685,0.000000,0.606183,0.213014,0.255725,0.937120
285.000000,1.000000,14.000000,14.000000,0.040838,0.000000,0.611906,0.214936,0.261363,0.936196
286.000000,1.000000,14.000000,14.000000,0.037960,0.000000,0.617605,0.217575,0.266990,0.935363
287.000000,1.000000,14.000000,14.000000,0.035265,0.000000,0.622715,0.220367,0.272102,0.934940
288.000000,1.000000,14.000000,14.000000,0.032502,0.000000,0.627291,0.222625,0.276680,0.934554
289.000000,1.000000,14.000000,14.000000,0.029214,0.000000,0.630910,0.224328,0.280235,0.933944
290.000000,1.000000,14.000000,14.000000,0.025934,0.000000,0.633999,0.225646,0.283275,0.933444
291.000000,1.000000,14.000000,14.000000,0.022335,0.000000,0.636149,0.226729,0.285387,0.933082
292.000000,1.000000,14.000000,14.000000,0.018516,0.000000,0.637474,0.227466,0.286706,0.932940
293.000000,1.000000,14.000000,14.000000,0.015454,0.000000,0.638905,0.227990,0.288142,0.932833
294.000000,1.000000,14.000000,14.000000,0.012682,0.000000,0.640023,0.228509,0.289229,0.932591
295.000000,1.000000,14.000000,14.000000,0.009724,0.000000,0.640395,0.228961,0.289495,0.932088
296.000000,1.000000,14.000000,14.000000,0.007756,0.000000,0.641048,0.229405,0.289894,0.930876
297.000000,1.000000,14.000000,14.000000,0.006267,0.000000,0.641289,0.229855,0.289869,0.929653
298.000000,1.000000,14.000000,14.000000,0.005732,0.000000,0.641618,0.230559,0.289942,0.928477
299.000000,1.000000,14.000000,14.000000,0.006145,0.000000,0.642231,0.231517,0.290240,0.927015
300.000000,1.000000,14.000000,14.000000,0.007010,0.000000,0.643176,0.232975,0.290906,0.925699
301.000000,1.000000,14.000000,14.000000,0.007668,0.000000,0.643931,0.234408,0.291412,0.924545
302.000000,1.000000,14.000000,14.000000,0.007865,0.000000,0.644681,0.235844,0.292045,0.923986
303.000000,1.000000,14.000000,14.000000,0.008237,0.000000,0.645684,0.237580,0.292980,0.923646
304.000000,1.000000,14.000000,14.000000,0.008815,0.000000,0.646918,0.239650,0.294275,0.923878
305.000000,1.000000,14.000000,14.000000,0.009292,0.000000,0.647888,0.241677,0.295444,0.924773
306.000000,1.000000,14.000000,14.000000,0.010186,0.000000,0.649042,0.243768,0.296893,0.926085
307.000000,1.000000,14.000000,14.000000,0.011647,0.000000,0.650115,0.246312,0.298348,0.927824
308.000000,1.000000,14.000000,14.000000,0.012714,0.000000,0.650623,0.248594,0.299296,0.929875
309.000000,2.000000,14.000000,14.000000,0.013391,0.000000,0.651039,0.250541,0.300142,0.931883
310.000000,0.000000,14.000000,14.000000,0.000000,0.000000,0.651778,0.252338,0.301290,0.933753
311.000000,0.000000,14.000000,14.000000,0.000000,0.000000,0.652465,0.254062,0.302271,0.935093
312.000000,0.000000,14.000000,14.000000,0.000000,0.000000,0.653031,0.255469,0.303068,0.936152
313.000000,0.000000,14.000000,14.000000,0.000000,0.000000,0.653571,0.256694,0.303782,0.936938
314.000000,0.000000,14.000000,14.000000,0.000000,0.000000,0.653942,0.257760,0.304292,0.937583
315.000000,0.000000,14.000000,14.000000,0.000000,0.000000,0.654277,0.258508,0.304723,0.938016
316.000000,0.000000,14.000000,14.000000,0.000000,0.000000,0.654618,0.258796,0.305077,0.938047
317.000000,0.000000,14.000000,14.000000,0.000000,0.000000,0.654866,0.258963,0.305344,0.938118
318.000000,0.000000,14.000000,14.000000,0.000000,0.000000,0.655106,0.258968,0.305611,0.938214
319.000000,0.000000,14.000000,14.000000,0.000000,0.000000,0.655208,0.258639,0.305762,0.938418
320.000000,0.000000,14.000000,14.000000,0.000000,0.000000,0.655339,0.258446,0.305934,0.938577
321.000000,0.000000,14.000000,14.000000,0.000000,0.000000,0.655363,0.258346,0.306017,0.938840
322.000000,0.000000,14.000000,14.000000,0.000000,0.000000,0.655383,0.258309,0.306086,0.939064
323.000000,0.000000,14.000000,14.000000,0.000000,0.000000,0.655393,0.258269,0.306127,0.939200
324.000000,0.000000,14.000000,14.000000,0.000000,0.000000,0.655314,0.258364,0.306048,0.939213
325.000000,0.000000,14.000000,14.000000,0.000000,0.000000,0.655292,0.258236,0.306052,0.939329
326.000000,0.000000,14.000000,14.000000,0.000000,0.000000,0.655287,0.258306,0.306070,0.939438
327.000000,0.000000,14.000000,14.000000,0.000000,0.000000,0.655209,0.258521,0.306058,0.939755
328.000000,0.000000,14.000000,14.000000,0.000000,0.000000,0.655170,0.258934,0.306089,0.940099
329.000000,0.000000,14.000000,14.000000,0.000000,0.000000,0.655137,0.259141,0.306128,0.940439
330.000000,0.000000,14.000000,14.000000,0.000000,0.000000,0.655197,0.259132,0.306232,0.940634
331.000000,0.000000,14.000000,14.000000,0.000000,0.000000,0.655163,0.259111,0.306284,0.941032
332.000000,0.000000,14.000000,14.000000,0.000000,0.000000,0.655161,0.259118,0.306353,0.941353
333.000000,0.000000,14.000000,14.000000,0.000000,0.000000,0.655177,0.259289,0.306440,0.941685
334.000000,0.000000,14.000000,14.000000,0.000000,0.000000,0.655206,0.259394,0.306527,0.941954
335.000000,0.000000,14.000000,14.000000,0.000000,0.000000,0.655196,0.259273,0.306586,0.942261
336.000000,0.000000,14.000000,14.000000,0.000000,0.000000,0.655135,0.259142,0.306507,0.942186
337.000000,0.000000,14.000000,14.000000,0.000000,0.000000,0.655010,0.259037,0.306345,0.942022
338.000000,0.000000,14.000000,14.000000,0.000000,0.000000,0.654853,0.258964,0.306198,0.942083
339.000000,0.000000,14.000000,14.000000,0.000000,0.000000,0.654872,0.259027,0.306246,0.942218
340.000000,0.000000,14.000000,14.000000,0.000000,0.000000,0.654843,0.259021,0.306238,0.942313
341.000000,0.000000,14.000000,14.000000,0.000000,0.000000,0.654870,0.258994,0.306269,0.942328
342.000000,0.000000,14.000000,14.000000,0.000000,0.000000,0.654886,0.258874,0.306264,0.942223
343.000000,0.000000,14.000000,14.000000,0.000000,0.000000,0.654940,0.258782,0.306315,0.942204
344.000000,0.000000,14.000000,14.000000,0.000000,0.000000,0.655025,0.258738,0.306402,0.942198
345.000000,0.000000,14.000000,14.000000,0.000000,0.000000,0.655251,0.258785,0.306616,0.942126
346.000000,0.000000,14.000000,14.000000,0.000000,0.000000,0.655388,0.258832,0.306772,0.942200
347.000000,0.000000,14.000000,14.000000,0.000000,0.000000,0.655540,0.258926,0.306884,0.942002
348.000000,0.000000,14.000000,14.000000,0.000000,0.000000,0.655528,0.258878,0.306807,0.941704
349.000000,0.000000,14.000000,14.000000,0.000000,0.000000,0.655562,0.259033,0.306739,0.941242
350.000000,0.000000,14.000000,14.000000,0.000000,0.000000,0.655735,0.259040,0.306814,0.940775
351.000000,0.000000,14.000000,14.000000,0.000000,0.000000,0.655988,0.259010,0.307000,0.940437
352.000000,0.000000,14.000000,14.000000,0.000000,0.000000,0.656047,0.259002,0.307057,0.940422
353.000000,0.000000,14.000000,14.000000,0.000000,0.000000,0.656106,0.259030,0.307094,0.940319
354.000000,0.000000,14.000000,14.000000,0.000000,0.000000,0.656050,0.258923,0.307018,0.940229
355.000000,0.000000,14.000000,14.000000,0.000000,0.000000,0.656123,0.258765,0.307035,0.939957
356.000000,0.000000,14.000000,14.000000,0.000000,0.000000,0.656106,0.258686,0.307004,0.939891
357.000000,0.000000,14.000000,14.000000,0.000000,0.000000,0.656095,0.258781,0.307002,0.939936
358.000000,0.000000,14.000000,14.000000,0.000000,0.000000,0.656185,0.258817,0.307079,0.939871
359.000000,0.000000,14.000000,14.000000,0.000000,0.000000,0.656024,0.258873,0.306958,0.940071
360.000000,0.000000,14.000000,14.000000,0.000000,0.000000,0.655761,0.259123,0.306733,0.940284
361.000000,0.000000,14.000000,14.000000,0.000000,0.000000,0.655675,0.259265,0.306588,0.940032
362.000000,0.000000,14.000000,14.000000,0.000000,0.000000,0.655561,0.259311,0.306405,0.939732
363.000000,0.000000,14.000000,14.000000,0.000000,0.000000,0.655437,0.259275,0.306299,0.939823
364.000000,0.000000,14.000000,14.000000,0.000000,0.000000,0.655148,0.259374,0.306042,0.940003
365.000000,0.000000,14.000000,14.000000,0.000000,0.000000,0.655291,0.259363,0.306167,0.939909
366.000000,0.000000,14.000000,14.000000,0.000000,0.000000,0.655259,0.259321,0.306108,0.939788
367.000000,0.000000,14.000000,14.000000,0.000000,0.000000,0.655293,0.259170,0.306156,0.939840
368.000000,0.000000,14.000000,14.000000,0.000000,0.000000,0.655283,0.259286,0.306162,0.939919
369.000000,0.000000,14.000000,14.000000,0.000000,0.000000,0.655308,0.259119,0.306179,0.939874
370.000000,0.000000,14.000000,14.000000,0.000000,0.000000,0.655325,0.259048,0.306192,0.939850
371.000000,0.000000,14.000000,14.000000,0.000000,0.000000,0.655267,0.259143,0.306144,0.939907
372.000000,0.000000,14.000000,14.000000,0.000000,0.000000,0.655228,0.259319,0.306066,0.939739
373.000000,0.000000,14.000000,14.000000,0.000000,0.000000,0.655374,0.259324,0.306188,0.939614
374.000000,0.000000,14.000000,14.000000,0.000000,0.000000,0.655113,0.259386,0.305945,0.939726
375.000000,0.000000,14.000000,14.000000,0.000000,0.000000,0.655079,0.259522,0.305929,0.939819
376.000000,0.000000,14.000000,14.000000,0.000000,0.000000,0.655015,0.259479,0.305862,0.939808
377.000000,0.000000,14.000000,14.000000,0.000000,0.000000,0.655077,0.259385,0.305908,0.939728
378.000000,0.000000,14.000000,14.000000,0.000000,0.000000,0.655154,0.259382,0.306018,0.939866
379.000000,0.000000,14.000000,14.000000,0.000000,0.000000,0.655190,0.259326,0.306083,0.939995
380.000000,0.000000,14.000000,14.000000,0.000000,0.000000,0.655381,0.259180,0.306312,0.940145
381.000000,0.000000,14.000000,14.000000,0.000000,0.000000,0.655541,0.258992,0.306509,0.940286
382.000000,0.000000,14.000000,14.000000,0.000000,0.000000,0.655742,0.258934,0.306718,0.940297
383.000000,0.000000,14.000000,14.000000,0.000000,0.000000,0.655916,0.258858,0.306880,0.940225
384.000000,0.000000,14.000000,14.000000,0.000000,0.000000,0.655955,0.258778,0.306928,0.940253
385.000000,0.000000,14.000000,14.000000,0.000000,0.000000,0.655962,0.258815,0.306960,0.940366
386.000000,0.000000,14.000000,14.000000,0.000000,0.000000,0.655908,0.258681,0.306932,0.940489
387.000000,0.000000,14.000000,14.000000,0.000000,0.000000,0.655914,0.258608,0.306943,0.940507
388.000000,0.000000,14.000000,14.000000,0.000000,0.000000,0.655925,0.258576,0.306967,0.940568
389.000000,0.000000,14.000000,14.000000,0.000000,0.000000,0.655773,0.258631,0.306816,0.940591
390.000000,0.000000,14.000000,14.000000,0.000000,0.000000,0.655761,0.258733,0.306802,0.940586
391.000000,0.000000,14.000000,14.000000,0.000000,0.000000,0.655611,0.258714,0.306711,0.940868
