Locations,5
Location Intervals,20
Sector Intervals,36
Edge,0,Number,0
0,0,0,0,0,0,0,0,0,0,0,0,0,0,0,0,0,0,0,0,0,0,0,0,0,0,0,0,0,0,0,0,0,0,0,0,0,0,0,0,0,0,0,0,0,0,0,0,0,0,0,0,0,0,0,0,0,0,0,0
Edge,1,Number,0
0.632955,0.522979,-0.570842,0.709537,0.462437,-0.531703,0.754417,0.434822,-0.491716,0.78796,0.418909,-0.451258,0.815623,0.408295,-0.409945,0.83969,0.400285,-0.367005,0.860949,0.393413,-0.32248,0.879941,0.386719,-0.275957,0.896783,0.379458,-0.227577,0.911512,0.370929,-0.177646,0.924124,0.360506,-0.126609,0.934648,0.347487,-0.0753983,0.943237,0.331152,-0.0253403,0.950276,0.310664,0.0215471,0.956536,0.284857,0.0624128,0.963192,0.252382,0.0925439,0.971978,0.210559,0.104515,0.984105,0.15598,0.0849015,0.996524,0.0827528,0.00962093,0.987655,-0.0134983,-0.156061
Edge,2,Number,0
0.412685,0.910736,0.0158656,0.412685,0.910736,0.0158656,0.412685,0.910736,0.0158656,0.412685,0.910736,0.0158656,0.412685,0.910736,0.0158656,0.412685,0.910736,0.0158656,0.412685,0.910736,0.0158656,0.412685,0.910736,0.0158656,0.412685,0.910736,0.0158656,0.412685,0.910736,0.0158656,0.412685,0.910736,0.0158656,0.412685,0.910736,0.0158656,0.412685,0.910736,0.0158656,0.412685,0.910736,0.0158656,0.412685,0.910736,0.0158656,0.412685,0.910736,0.0158656,0.412685,0.910736,0.0158656,0.412685,0.910736,0.0158656,0.412685,0.910736,0.0158656,0.412685,0.910736,0.0158656
Edge,3,Number,0
0.98902,-0.00871639,0.147523,0.98902,-0.00871639,0.147523,0.98902,-0.00871639,0.147523,0.98902,-0.00871639,0.147523,0.98902,-0.00871639,0.147523,0.98902,-0.00871639,0.147523,0.98902,-0.00871639,0.147523,0.98902,-0.00871639,0.147523,0.98902,-0.00871639,0.147523,0.98902,-0.00871639,0.147523,0.98902,-0.00871639,0.147523,0.98902,-0.00871639,0.147523,0.98902,-0.00871639,0.147523,0.98902,-0.00871639,0.147523,0.98902,-0.00871639,0.147523,0.98902,-0.00871639,0.147523,0.98902,-0.00871639,0.147523,0.98902,-0.00871639,0.147523,0.98902,-0.00871639,0.147523,0.98902,-0.00871639,0.147523
Edge,4,Number,0
0.671929,-0.034833,-0.739796,0.671929,-0.034833,-0.739796,0.671929,-0.034833,-0.739796,0.671929,-0.034833,-0.739796,0.671929,-0.034833,-0.739796,0.671929,-0.034833,-0.739796,0.671929,-0.034833,-0.739796,0.671929,-0.034833,-0.739796,0.671929,-0.034833,-0.739796,0.671929,-0.034833,-0.739796,0.671929,-0.034833,-0.739796,0.671929,-0.034833,-0.739796,0.671929,-0.034833,-0.739796,0.671929,-0.034833,-0.739796,0.671929,-0.034833,-0.739796,0.671929,-0.034833,-0.739796,0.671929,-0.034833,-0.739796,0.671929,-0.034833,-0.739796,0.671929,-0.034833,-0.739796,0.671929,-0.034833,-0.739796
Edge,5,Number,0
-0.925022,-0.320823,0.203489,-0.925022,-0.320823,0.203489,-0.925022,-0.320823,0.203489,-0.925022,-0.320823,0.203489,-0.925022,-0.320823,0.203489,-0.925022,-0.320823,0.203489,-0.925022,-0.320823,0.203489,-0.925022,-0.320823,0.203489,-0.925022,-0.320823,0.203489,-0.925022,-0.320823,0.203489,-0.925022,-0.320823,0.203489,-0.925022,-0.320823,0.203489,-0.925022,-0.320823,0.203489,-0.925022,-0.320823,0.203489,-0.925022,-0.320823,0.203489,-0.925022,-0.320823,0.203489,-0.925022,-0.320823,0.203489,-0.925022,-0.320823,0.203489,-0.925022,-0.320823,0.203489,-0.925022,-0.320823,0.203489
Edge,6,Number,0
0,0,0,0,0,0,0,0,0,0,0,0,0,0,0,0,0,0,0,0,0,0,0,0,0,0,0,0,0,0,0,0,0,0,0,0,0,0,0,0,0,0,0,0,0,0,0,0,0,0,0,0,0,0,0,0,0,0,0,0
Edge,7,Number,0
-0.829287,0.558704,-0.011557,-0.846335,0.532349,0.0179386,-0.854621,0.517477,0.0429033,-0.858619,0.508194,0.067169,-0.85971,0.502455,0.0918542,-0.858489,0.499165,0.117608,-0.855166,0.497707,0.144843,-0.849764,0.497744,0.173644,-0.842067,0.499038,0.204655,-0.831846,0.501447,0.237873,-0.818645,0.504897,0.273678,-0.801828,0.509406,0.312373,-0.780726,0.514922,0.354008,-0.754356,0.521667,0.398511,-0.721811,0.529947,0.445135,-0.68354,0.540444,0.490605,-0.642962,0.554328,0.528508,-0.608098,0.573012,0.54943,-0.587276,0.5973,0.546205,-0.585984,0.626674,0.513715
Edge,8,Number,0
-0.792056,-0.475569,0.382728,-0.792056,-0.475569,0.382728,-0.792056,-0.475569,0.382728,-0.792056,-0.475569,0.382728,-0.792056,-0.475569,0.382728,-0.792056,-0.475569,0.382728,-0.792056,-0.475569,0.382728,-0.792056,-0.475569,0.382728,-0.792056,-0.475569,0.382728,-0.792056,-0.475569,0.382728,-0.792056,-0.475569,0.382728,-0.792056,-0.475569,0.382728,-0.792056,-0.475569,0.382728,-0.792056,-0.475569,0.382728,-0.792056,-0.475569,0.382728,-0.792056,-0.475569,0.382728,-0.792056,-0.475569,0.382728,-0.792056,-0.475569,0.382728,-0.792056,-0.475569,0.382728,-0.792056,-0.475569,0.382728
Edge,9,Number,0
-0.511577,-0.533234,-0.673759,-0.511577,-0.533234,-0.673759,-0.511577,-0.533234,-0.673759,-0.511577,-0.533234,-0.673759,-0.511577,-0.533234,-0.673759,-0.511577,-0.533234,-0.673759,-0.511577,-0.533234,-0.673759,-0.511577,-0.533234,-0.673759,-0.511577,-0.533234,-0.673759,-0.511577,-0.533234,-0.673759,-0.511577,-0.533234,-0.673759,-0.511577,-0.533234,-0.673759,-0.511577,-0.533234,-0.673759,-0.511577,-0.533234,-0.673759,-0.511577,-0.533234,-0.673759,-0.511577,-0.533234,-0.673759,-0.511577,-0.533234,-0.673759,-0.511577,-0.533234,-0.673759,-0.511577,-0.533234,-0.673759,-0.511577,-0.533234,-0.673759
Edge,10,Number,0
-0.412685,-0.910736,-0.0158656,-0.412685,-0.910736,-0.0158656,-0.412685,-0.910736,-0.0158656,-0.412685,-0.910736,-0.0158656,-0.412685,-0.910736,-0.0158656,-0.412685,-0.910736,-0.0158656,-0.412685,-0.910736,-0.0158656,-0.412685,-0.910736,-0.0158656,-0.412685,-0.910736,-0.0158656,-0.412685,-0.910736,-0.0158656,-0.412685,-0.910736,-0.0158656,-0.412685,-0.910736,-0.0158656,-0.412685,-0.910736,-0.0158656,-0.412685,-0.910736,-0.0158656,-0.412685,-0.910736,-0.0158656,-0.412685,-0.910736,-0.0158656,-0.412685,-0.910736,-0.0158656,-0.412685,-0.910736,-0.0158656,-0.412685,-0.910736,-0.0158656,-0.412685,-0.910736,-0.0158656
Edge,11,Number,0
0.739767,-0.610369,-0.283187,0.739767,-0.610369,-0.283187,0.739767,-0.610369,-0.283187,0.739767,-0.610369,-0.283187,0.739767,-0.610369,-0.283187,0.739767,-0.610369,-0.283187,0.739767,-0.610369,-0.283187,0.739767,-0.610369,-0.283187,0.739767,-0.610369,-0.283187,0.739767,-0.610369,-0.283187,0.739767,-0.610369,-0.283187,0.739767,-0.610369,-0.283187,0.739767,-0.610369,-0.283187,0.739767,-0.610369,-0.283187,0.739767,-0.610369,-0.283187,0.739767,-0.610369,-0.283187,0.739767,-0.610369,-0.283187,0.739767,-0.610369,-0.283187,0.739767,-0.610369,-0.283187,0.739767,-0.610369,-0.283187
Edge,12,Number,0
0,0,0,0,0,0,0,0,0,0,0,0,0,0,0,0,0,0,0,0,0,0,0,0,0,0,0,0,0,0,0,0,0,0,0,0,0,0,0,0,0,0,0,0,0,0,0,0,0,0,0,0,0,0,0,0,0,0,0,0
Edge,13,Number,0
0.10694,-0.958235,-0.265234,0.11313,-0.97046,-0.213095,0.112099,-0.979068,-0.169878,0.107885,-0.985327,-0.132252,0.102045,-0.990013,-0.0972634,0.0952126,-0.993436,-0.0634048,0.0877166,-0.995697,-0.0298779,0.0796141,-0.996818,0.00393289,0.0710894,-0.99674,0.0381595,0.0621622,-0.995375,0.0732422,0.0528805,-0.992613,0.109193,0.0433558,-0.988368,0.145769,0.0337205,-0.982544,0.182946,0.0241307,-0.975106,0.220422,0.0148999,-0.966159,0.257517,0.00648741,-0.95601,0.293263,-0.000291134,-0.945413,0.325875,-0.00422685,-0.935851,0.352369,-0.00349922,-0.929652,0.368423,0.00403127,-0.929679,0.368349
Edge,14,Number,0
0.172381,-0.470574,-0.865358,0.195546,-0.529391,-0.825534,0.208337,-0.570074,-0.79474,0.216297,-0.602971,-0.767882,0.221563,-0.631931,-0.74268,0.225025,-0.658431,-0.718214,0.227251,-0.683683,-0.693494,0.22854,-0.708107,-0.668097,0.229097,-0.732137,-0.641475,0.229052,-0.755832,-0.613395,0.228523,-0.779506,-0.583221,0.227639,-0.803165,-0.550551,0.226547,-0.826595,-0.515187,0.225505,-0.84972,-0.476575,0.224937,-0.87203,-0.434704,0.225671,-0.892922,-0.389568,0.229284,-0.911092,-0.342548,0.239129,-0.924276,-0.297541,0.263077,-0.927217,-0.266569,0.324635,-0.898958,-0.294087
Edge,15,Number,0
-0.98902,0.00871639,-0.147523,-0.98902,0.00871639,-0.147523,-0.98902,0.00871639,-0.147523,-0.98902,0.00871639,-0.147523,-0.98902,0.00871639,-0.147523,-0.98902,0.00871639,-0.147523,-0.98902,0.00871639,-0.147523,-0.98902,0.00871639,-0.147523,-0.98902,0.00871639,-0.147523,-0.98902,0.00871639,-0.147523,-0.98902,0.00871639,-0.147523,-0.98902,0.00871639,-0.147523,-0.98902,0.00871639,-0.147523,-0.98902,0.00871639,-0.147523,-0.98902,0.00871639,-0.147523,-0.98902,0.00871639,-0.147523,-0.98902,0.00871639,-0.147523,-0.98902,0.00871639,-0.147523,-0.98902,0.00871639,-0.147523,-0.98902,0.00871639,-0.147523
Edge,16,Number,0
0.792056,0.475569,-0.382728,0.792056,0.475569,-0.382728,0.792056,0.475569,-0.382728,0.792056,0.475569,-0.382728,0.792056,0.475569,-0.382728,0.792056,0.475569,-0.382728,0.792056,0.475569,-0.382728,0.792056,0.475569,-0.382728,0.792056,0.475569,-0.382728,0.792056,0.475569,-0.382728,0.792056,0.475569,-0.382728,0.792056,0.475569,-0.382728,0.792056,0.475569,-0.382728,0.792056,0.475569,-0.382728,0.792056,0.475569,-0.382728,0.792056,0.475569,-0.382728,0.792056,0.475569,-0.382728,0.792056,0.475569,-0.382728,0.792056,0.475569,-0.382728,0.792056,0.475569,-0.382728
Edge,17,Number,0
0.00633365,0.938728,-0.344601,-0.00953661,0.952962,-0.302941,-0.0209738,0.963517,-0.266824,-0.0295365,0.971797,-0.23396,-0.0358684,0.978387,-0.203648,-0.040516,0.98373,-0.175025,-0.0437924,0.988076,-0.14761,-0.045992,0.991618,-0.120739,-0.0472519,0.994408,-0.0944429,-0.0476877,0.996532,-0.0681877,-0.0474034,0.998,-0.0418285,-0.0464039,0.998806,-0.0152415,-0.0446928,0.998931,0.0118059,-0.0422511,0.998334,0.0392975,-0.0389607,0.996973,0.0672891,-0.0346448,0.994823,0.0955299,-0.0289413,0.991903,0.123656,-0.0213811,0.988436,0.150123,-0.0112955,0.985,0.172186,0.00198481,0.982699,0.185201
Edge,18,Number,0
0,0,0,0,0,0,0,0,0,0,0,0,0,0,0,0,0,0,0,0,0,0,0,0,0,0,0,0,0,0,0,0,0,0,0,0,0,0,0,0,0,0,0,0,0,0,0,0,0,0,0,0,0,0,0,0,0,0,0,0
Edge,19,Number,0
0.276511,-0.0369073,-0.960302,0.276511,-0.0369073,-0.960302,0.276511,-0.0369073,-0.960302,0.276511,-0.0369073,-0.960302,0.276511,-0.0369073,-0.960302,0.276511,-0.0369073,-0.960302,0.276511,-0.0369073,-0.960302,0.276511,-0.0369073,-0.960302,0.276511,-0.0369073,-0.960302,0.276511,-0.0369073,-0.960302,0.276511,-0.0369073,-0.960302,0.276511,-0.0369073,-0.960302,0.276511,-0.0369073,-0.960302,0.276511,-0.0369073,-0.960302,0.276511,-0.0369073,-0.960302,0.276511,-0.0369073,-0.960302,0.276511,-0.0369073,-0.960302,0.276511,-0.0369073,-0.960302,0.276511,-0.0369073,-0.960302,0.276511,-0.0369073,-0.960302
Edge,20,Number,0
-0.671929,0.034833,0.739796,-0.671929,0.034833,0.739796,-0.671929,0.034833,0.739796,-0.671929,0.034833,0.739796,-0.671929,0.034833,0.739796,-0.671929,0.034833,0.739796,-0.671929,0.034833,0.739796,-0.671929,0.034833,0.739796,-0.671929,0.034833,0.739796,-0.671929,0.034833,0.739796,-0.671929,0.034833,0.739796,-0.671929,0.034833,0.739796,-0.671929,0.034833,0.739796,-0.671929,0.034833,0.739796,-0.671929,0.034833,0.739796,-0.671929,0.034833,0.739796,-0.671929,0.034833,0.739796,-0.671929,0.034833,0.739796,-0.671929,0.034833,0.739796,-0.671929,0.034833,0.739796
Edge,21,Number,0
0.511577,0.533234,0.673759,0.511577,0.533234,0.673759,0.511577,0.533234,0.673759,0.511577,0.533234,0.673759,0.511577,0.533234,0.673759,0.511577,0.533234,0.673759,0.511577,0.533234,0.673759,0.511577,0.533234,0.673759,0.511577,0.533234,0.673759,0.511577,0.533234,0.673759,0.511577,0.533234,0.673759,0.511577,0.533234,0.673759,0.511577,0.533234,0.673759,0.511577,0.533234,0.673759,0.511577,0.533234,0.673759,0.511577,0.533234,0.673759,0.511577,0.533234,0.673759,0.511577,0.533234,0.673759,0.511577,0.533234,0.673759,0.511577,0.533234,0.673759
Edge,22,Number,0
-0.213796,0.760318,0.613358,-0.213796,0.760318,0.613358,-0.213796,0.760318,0.613358,-0.213796,0.760318,0.613358,-0.213796,0.760318,0.613358,-0.213796,0.760318,0.613358,-0.213796,0.760318,0.613358,-0.213796,0.760318,0.613358,-0.213796,0.760318,0.613358,-0.213796,0.760318,0.613358,-0.213796,0.760318,0.613358,-0.213796,0.760318,0.613358,-0.213796,0.760318,0.613358,-0.213796,0.760318,0.613358,-0.213796,0.760318,0.613358,-0.213796,0.760318,0.613358,-0.213796,0.760318,0.613358,-0.213796,0.760318,0.613358,-0.213796,0.760318,0.613358,-0.213796,0.760318,0.613358
Edge,23,Number,0
-0.276511,0.0369073,0.960302,-0.276511,0.0369073,0.960302,-0.276511,0.0369073,0.960302,-0.276511,0.0369073,0.960302,-0.276511,0.0369073,0.960302,-0.276511,0.0369073,0.960302,-0.276511,0.0369073,0.960302,-0.276511,0.0369073,0.960302,-0.276511,0.0369073,0.960302,-0.276511,0.0369073,0.960302,-0.276511,0.0369073,0.960302,-0.276511,0.0369073,0.960302,-0.276511,0.0369073,0.960302,-0.276511,0.0369073,0.960302,-0.276511,0.0369073,0.960302,-0.276511,0.0369073,0.960302,-0.276511,0.0369073,0.960302,-0.276511,0.0369073,0.960302,-0.276511,0.0369073,0.960302,-0.276511,0.0369073,0.960302
Edge,24,Number,0
0,0,0,0,0,0,0,0,0,0,0,0,0,0,0,0,0,0,0,0,0,0,0,0,0,0,0,0,0,0,0,0,0,0,0,0,0,0,0,0,0,0,0,0,0,0,0,0,0,0,0,0,0,0,0,0,0,0,0,0
