0,0,3,3,0,-1,0.115647,0.508655,-0.198287,1.85541
1,0,3,3,0,-1,0.115659,0.509128,-0.197938,1.85654
2,0,3,3,0,-1,0.115638,0.508971,-0.198034,1.85629
3,0,3,3,0,-1,0.115646,0.508813,-0.198024,1.85628
4,0,3,3,0,-1,0.115617,0.508951,-0.198152,1.85598
5,0,3,3,0,-1,0.115693,0.508858,-0.197872,1.85662
6,0,3,3,0,-1,0.115842,0.509068,-0.197608,1.85699
7,0,3,3,0,-1,0.115972,0.50887,-0.19741,1.85717
8,0,3,3,0,-1,0.116019,0.508893,-0.197937,1.8553
9,0,3,3,0,-1,0.116114,0.508426,-0.197599,1.85604
10,0,3,3,0,-1,0.115681,0.507847,-0.198023,1.8561
11,0,3,3,0,-1,0.115227,0.507493,-0.198553,1.85589
12,0,3,3,0,-1,0.114647,0.50725,-0.199091,1.8561
13,0,3,3,0,-1,0.114494,0.506965,-0.198694,1.85789
14,0,3,3,0,-1,0.114251,0.50713,-0.198852,1.85821
15,0,3,3,0,-1,0.114282,0.507872,-0.198816,1.85827
16,0,3,3,0,-1,0.114725,0.508217,-0.198328,1.85838
17,0,3,3,0,-1,0.114953,0.509027,-0.198236,1.85796
18,0,3,3,0,-1,0.114937,0.509405,-0.198064,1.8586
19,0,3,3,0,-1,0.114868,0.509439,-0.198375,1.85783
20,0,3,3,0,-1,0.114841,0.508971,-0.198526,1.8574
21,0,3,3,0,-1,0.114524,0.508575,-0.198869,1.85733
22,0,3,3,0,-1,0.11469,0.508278,-0.198559,1.85776
23,0,3,3,0,-1,0.114371,0.508189,-0.199028,1.85731
24,0,3,3,0,-1,0.114643,0.508675,-0.198721,1.85742
25,0,3,3,0,-1,0.114593,0.509615,-0.198729,1.85763
26,0,3,3,0,-1,0.114793,0.510416,-0.198379,1.85814
27,0,3,3,0,-1,0.114741,0.510771,-0.198421,1.85821
28,0,3,3,0,-1,0.114843,0.511451,-0.1983,1.85831
29,0,3,3,0,-1,0.114442,0.511305,-0.198639,1.85856
30,0,3,3,0,-1,0.114375,0.510866,-0.19848,1.85927
31,0,3,3,0,-1,0.114157,0.509863,-0.198618,1.85949
32,0,3,3,0,-1,0.114083,0.509762,-0.198479,1.86019
33,0,3,3,0,-1,0.114088,0.509195,-0.198492,1.86008
34,0,3,3,0,-1,0.114164,0.508668,-0.198461,1.85989
35,0,3,3,0,-1,0.11465,0.50855,-0.198165,1.85919
36,0,3,3,0,-1,0.114688,0.508203,-0.198255,1.85874
37,0,3,3,0,-1,0.114571,0.507323,-0.198586,1.858
38,0,3,3,0,-1,0.117038,0.505057,-0.197366,1.85341
39,0,3,3,0,-1,0.119508,0.502692,-0.196101,1.84895
40,0,3,3,0,-1,0.121409,0.50009,-0.195439,1.84445
41,0,3,3,0,-1,0.123799,0.498697,-0.194567,1.83906
42,0,3,3,0,-1,0.126172,0.497218,-0.193894,1.83307
43,0,3,3,0,-1,0.126314,0.497912,-0.194099,1.83197
44,0,3,3,0,-1,0.125993,0.498685,-0.194904,1.8305
45,0,3,3,0,-1,0.126083,0.500247,-0.195196,1.82936
46,0,3,3,0,-1,0.1256,0.5003,-0.195405,1.83033
47,0,3,3,0,-1,0.125378,0.500923,-0.19546,1.83095
48,0,3,3,0,-1,0.124659,0.50021,-0.195718,1.83251
49,0,3,3,0,-1,0.124443,0.500633,-0.195929,1.83258
50,0,3,3,0,-1,0.124386,0.500215,-0.196039,1.83239
51,0,3,3,0,-1,0.125486,0.498865,-0.195836,1.82921
52,0,3,3,0,-1,0.128062,0.496138,-0.194221,1.8255
53,0,3,3,0,-1,0.131128,0.494127,-0.192285,1.82122
54,0,3,3,0,-1,0.133667,0.491782,-0.190485,1.81827
55,3,0,0,0.012721,0,0.13543,0.488617,-0.189203,1.8162
56,1,0,0,0.00967856,0,0.136102,0.487502,-0.18856,1.81593
57,1,0,0,0.00476723,0,0.134835,0.48746,-0.189305,1.81781
58,1,0,0,0.00279713,0,0.133275,0.488135,-0.190268,1.82004
59,1,0,0,0.0048833,0,0.131916,0.487462,-0.191027,1.82214
60,1,0,0,0.00565333,0,0.130969,0.487935,-0.191529,1.82376
61,1,0,0,0.00489161,0,0.130517,0.488384,-0.191789,1.82449
62,1,0,0,0.00295574,0,0.130565,0.488495,-0.19178,1.82436
63,1,0,0,0.00100267,0,0.130535,0.488005,-0.192029,1.82362
64,1,0,0,0,0,0.130544,0.488681,-0.192048,1.82358
65,1,0,0,0.00101166,0,0.130556,0.488951,-0.192142,1.82325
66,1,0,0,0,0,0.13019,0.489129,-0.192443,1.82353
67,1,0,0,0.00143208,0,0.129328,0.489127,-0.192994,1.82467
68,1,0,0,0.00252353,0,0.128595,0.488818,-0.193331,1.82605
69,1,0,0,0.00271884,0,0.128138,0.488348,-0.193607,1.82667
70,1,0,0,0.0027631,0,0.127559,0.488057,-0.194038,1.82722
71,1,0,0,0.00263631,0,0.127198,0.487466,-0.194236,1.82775
72,1,0,0,0.00166301,0,0.12714,0.487201,-0.194406,1.82738
73,1,0,0,0.00114518,0,0.127079,0.487113,-0.194644,1.82681
74,1,0,0,0.00138453,0,0.127238,0.487016,-0.194711,1.82604
75,1,0,0,0.00166098,0,0.127534,0.486796,-0.194566,1.82549
76,1,0,0,0.00243554,0,0.127998,0.486661,-0.194443,1.8243
77,1,0,0,0.00299031,0,0.128883,0.487083,-0.1939,1.82309
78,1,0,0,0.00374904,0,0.129911,0.487544,-0.193282,1.82164
79,1,0,0,0.0039691,0,0.13052,0.486747,-0.193031,1.82032
80,1,0,0,0.00451921,0,0.13183,0.486732,-0.192131,1.81879
81,1,0,0,0.00502643,0,0.133356,0.486834,-0.191035,1.81717
82,1,0,0,0.00546752,0,0.134701,0.485354,-0.190049,1.8157
83,1,0,0,0.00682294,0,0.136602,0.483445,-0.188644,1.81366
84,1,0,0,0.00819683,0,0.139204,0.482336,-0.186692,1.81107
85,1,0,0,0.00976472,0,0.141591,0.479484,-0.184822,1.80882
86,1,0,0,0.0117672,0,0.143755,0.475323,-0.183179,1.8065
87,1,0,0,0.0137976,0,0.14634,0.470925,-0.181234,1.80371
88,1,0,0,0.0155833,0,0.148411,0.46577,-0.179768,1.80105
89,1,0,0,0.0179036,0,0.150124,0.459298,-0.17864,1.79842
90,1,0,0,0.0202362,0,0.151541,0.45224,-0.178063,1.79496
91,1,0,0,0.021884,0,0.152757,0.445116,-0.177693,1.79151
92,1,0,0,0.0241499,0,0.153797,0.436939,-0.177657,1.78749
93,1,0,0,0.0269757,0,0.155241,0.427927,-0.177543,1.78229
94,1,0,0,0.0293921,0,0.156907,0.418685,-0.177363,1.77654
95,1,0,0,0.0321628,0,0.159082,0.409095,-0.177123,1.76922
96,1,0,0,0.0353154,0,0.161333,0.398968,-0.177172,1.76067
97,1,0,3,0.0375621,1,0.163266,0.388953,-0.177646,1.75183
98,1,0,3,0.0394867,1,0.164971,0.3789,-0.178581,1.74226
99,1,0,3,0.0407635,1,0.166204,0.369081,-0.180091,1.73245
100,1,0,3,0.0413362,1,0.167064,0.3597,-0.182074,1.7224
101,1,0,3,0.041574,1,0.168074,0.350798,-0.184051,1.71189
102,1,0,5,0.0417596,0,0.16937,0.343078,-0.186088,1.7003
103,1,0,5,0.0408512,0,0.17057,0.336014,-0.187987,1.68954
104,1,0,5,0.0407466,0,0.172884,0.330235,-0.189267,1.6771
105,1,0,5,0.0399664,0,0.175032,0.324458,-0.190411,1.66566
106,1,0,5,0.0397347,0,0.177555,0.320734,-0.191634,1.65284
107,1,0,5,0.0393026,0,0.180223,0.316561,-0.192498,1.64065
108,1,0,5,0.0406203,0,0.183984,0.315138,-0.193042,1.626
109,1,0,3,0.0409226,1,0.187378,0.312994,-0.193609,1.61247
110,1,0,3,0.0443743,1,0.191751,0.314273,-0.19433,1.59535
111,1,0,3,0.0459675,1,0.195962,0.315653,-0.194826,1.57953
112,1,0,3,0.0462569,1,0.200012,0.318208,-0.195215,1.56469
113,1,0,3,0.0467891,1,0.203982,0.322705,-0.195854,1.54944
114,1,0,3,0.0492267,1,0.208472,0.330308,-0.196391,1.533
115,1,0,3,0.0472563,1,0.212649,0.336189,-0.196175,1.51993
116,1,0,3,0.0459815,1,0.216961,0.343082,-0.195735,1.50721
117,1,0,5,0.0471524,0,0.221824,0.351814,-0.195215,1.493
118,1,0,5,0.0426792,0,0.225522,0.357237,-0.194529,1.48306
119,1,0,5,0.0410473,0,0.228486,0.365501,-0.19488,1.47245
120,1,0,5,0.0387303,0,0.23056,0.373586,-0.195543,1.46384
121,1,0,5,0.0347092,0,0.231808,0.38076,-0.196343,1.45752
122,1,5,5,0.0315554,0,0.232484,0.388242,-0.197528,1.45193
123,1,5,5,0.0300232,0,0.232946,0.396164,-0.198794,1.44682
124,1,5,5,0.0240293,0,0.233279,0.40066,-0.199068,1.44513
125,1,5,5,0.021232,0,0.234133,0.406181,-0.199136,1.44241
126,1,5,5,0.0207051,0,0.234901,0.412184,-0.199742,1.43827
127,1,5,5,0.0185415,0,0.235185,0.416652,-0.200365,1.43561
128,1,5,5,0.0170592,0,0.235559,0.420876,-0.200933,1.4328
129,1,5,5,0.0165848,0,0.235286,0.424999,-0.202239,1.42979
130,1,5,5,0.0156001,0,0.234489,0.42872,-0.203962,1.42718
131,1,5,5,0.0141934,0,0.233943,0.431979,-0.205268,1.42503
132,1,5,5,0.0142361,0,0.233341,0.435757,-0.20683,1.42228
133,1,5,5,0.0153652,0,0.232606,0.440003,-0.208835,1.41858
134,1,5,5,0.0154829,0,0.232185,0.443833,-0.210315,1.41548
135,1,5,5,0.0154938,0,0.231992,0.447791,-0.211488,1.41262
136,1,5,5,0.015036,0,0.231748,0.45154,-0.21257,1.41021
137,1,5,5,0.0139717,0,0.23195,0.455296,-0.212972,1.40849
138,1,5,5,0.0129523,0,0.232178,0.459365,-0.213049,1.40776
139,1,5,5,0.0124022,0,0.232224,0.463431,-0.21318,1.40748
140,1,5,5,0.0114215,0,0.232055,0.466591,-0.213626,1.40683
141,1,5,5,0.0100269,0,0.231912,0.469064,-0.213985,1.40634
142,1,5,5,0.00800751,0,0.231293,0.47056,-0.2147,1.40623
143,1,5,5,0.00537943,0,0.230604,0.470934,-0.215297,1.40666
144,1,5,5,0.0027769,0,0.229768,0.470147,-0.215963,1.40728
145,1,5,5,0.00283599,0,0.228628,0.469114,-0.21671,1.40865
146,1,5,5,0.00567312,0,0.227552,0.466901,-0.216897,1.41154
147,1,5,5,0.00942694,0,0.226729,0.463513,-0.216524,1.4153
148,1,5,5,0.0129024,0,0.226457,0.459454,-0.215453,1.41941
149,1,5,5,0.0172295,0,0.226485,0.454509,-0.21355,1.42513
150,1,5,5,0.0222816,0,0.226996,0.44819,-0.210718,1.43213
151,1,5,5,0.0257189,0,0.227171,0.442217,-0.208128,1.43951
152,1,5,5,0.0288048,0,0.226894,0.435258,-0.205837,1.44738
153,1,5,5,0.0311229,0,0.225735,0.42793,-0.204329,1.45568
154,1,5,5,0.0313076,0,0.224205,0.420939,-0.203539,1.46294
155,1,5,5,0.0297374,0,0.22194,0.414524,-0.203892,1.46902
156,1,5,5,0.0271117,0,0.21965,0.408376,-0.204794,1.47343
157,1,5,5,0.0221062,0,0.217638,0.404659,-0.206011,1.47604
158,1,5,5,0.0158015,0,0.216208,0.402579,-0.207358,1.47637
159,1,5,5,0.00942783,0,0.215399,0.402117,-0.20867,1.47483
160,1,5,5,0.00493902,0,0.215644,0.403626,-0.209445,1.47159
161,1,5,5,0.00789216,0,0.216466,0.407023,-0.209906,1.46755
162,1,5,5,0.0132017,0,0.217915,0.4116,-0.21001,1.46262
163,1,5,5,0.0173807,0,0.219499,0.416597,-0.210088,1.45735
164,1,5,5,0.0206078,0,0.220742,0.422374,-0.210604,1.45187
165,1,5,5,0.0222748,0,0.221551,0.42789,-0.211561,1.44641
166,1,5,5,0.0237994,0,0.221837,0.433429,-0.213333,1.44009
167,1,5,5,0.0251826,0,0.221499,0.43904,-0.215876,1.43339
168,1,5,5,0.0267919,0,0.220428,0.444417,-0.219398,1.42599
169,1,5,5,0.0266925,0,0.219543,0.448809,-0.222458,1.41938
170,1,5,5,0.0253421,0,0.218775,0.452789,-0.225073,1.41379
171,1,5,5,0.0226705,0,0.217898,0.456132,-0.227409,1.40943
172,1,5,5,0.0186689,0,0.217119,0.458601,-0.229153,1.40659
173,1,5,5,0.0136467,0,0.217027,0.460692,-0.229604,1.40559
174,1,5,5,0.0100573,0,0.216724,0.462545,-0.230212,1.40478
175,1,5,5,0.00757833,0,0.216192,0.464033,-0.231011,1.40411
176,1,5,5,0.00531936,0,0.216041,0.464863,-0.231273,1.40383
177,1,5,5,0.00251768,0,0.216205,0.464266,-0.231068,1.40389
178,1,5,5,0,0,0.215983,0.463297,-0.231154,1.4043
179,1,5,5,0.00216606,0,0.215902,0.461887,-0.23093,1.4052
180,1,5,5,0.00458456,0,0.215945,0.459893,-0.230358,1.40676
181,1,5,5,0.0062903,0,0.215717,0.457854,-0.230012,1.40851
182,1,5,5,0.00742032,0,0.215141,0.456106,-0.229864,1.41082
183,1,5,5,0.0093091,0,0.214965,0.453601,-0.229041,1.41391
184,1,5,5,0.0119331,0,0.214556,0.450737,-0.228024,1.41839
185,1,5,5,0.0142499,0,0.213902,0.447685,-0.227137,1.42327
186,1,5,5,0.0167928,0,0.213452,0.44445,-0.225775,1.42899
187,1,5,5,0.0200442,0,0.212052,0.441035,-0.224863,1.43646
188,1,5,5,0.0212298,0,0.210531,0.438333,-0.224328,1.44317
189,1,5,5,0.0223923,0,0.208545,0.434837,-0.224164,1.4502
190,1,5,5,0.0225692,0,0.206716,0.431639,-0.223976,1.45679
191,1,5,5,0.022721,0,0.204876,0.428127,-0.223745,1.46354
192,1,5,5,0.0203385,0,0.204176,0.42504,-0.223083,1.46784
193,1,5,5,0.0182737,0,0.203858,0.422168,-0.222112,1.47186
194,1,5,5,0.0136335,0,0.204484,0.42102,-0.220997,1.47328
195,1,5,5,0.00896298,0,0.205719,0.420653,-0.219644,1.47345
196,1,5,5,0.00416812,0,0.207484,0.4213,-0.218513,1.47117
197,1,5,5,0.0057834,0,0.209681,0.422935,-0.21758,1.46685
198,1,5,5,0.0123792,0,0.211992,0.426482,-0.217285,1.46021
199,1,5,5,0.0175088,0,0.214171,0.430267,-0.217189,1.45339
200,1,5,5,0.022018,0,0.216054,0.434961,-0.217682,1.44574
201,1,5,5,0.0260562,0,0.217775,0.440949,-0.218593,1.43736
202,1,5,5,0.0275055,0,0.219251,0.446564,-0.219437,1.43002
203,1,5,5,0.0270189,0,0.220126,0.451467,-0.220652,1.42346
204,1,5,5,0.0261663,0,0.220915,0.456232,-0.221899,1.41707
205,1,5,5,0.0245544,0,0.221195,0.460215,-0.223545,1.41107
206,1,5,5,0.0214968,0,0.220947,0.462809,-0.225317,1.40635
207,1,5,5,0.0194853,0,0.220034,0.465436,-0.227729,1.40181
208,1,5,5,0.0170116,0,0.219162,0.467404,-0.229776,1.39827
209,1,5,5,0.0131292,0,0.218261,0.468159,-0.231272,1.39653
210,1,5,5,0.00937095,0,0.217657,0.468691,-0.232183,1.39566
211,1,5,5,0.00597256,0,0.217039,0.46899,-0.232841,1.39564
212,1,5,5,0.00211529,0,0.21654,0.468097,-0.232828,1.39732
213,1,5,5,0.00354527,0,0.216034,0.466996,-0.232537,1.3999
214,1,5,5,0.00570991,0,0.215219,0.466083,-0.232628,1.40231
215,1,5,5,0.00835241,0,0.214071,0.464742,-0.232678,1.40595
216,1,5,5,0.0109141,0,0.213194,0.463077,-0.232187,1.4104
217,1,5,5,0.0137961,0,0.212054,0.461139,-0.231576,1.41612
218,1,5,5,0.0174557,0,0.210843,0.457774,-0.230651,1.423
219,1,5,5,0.0208916,0,0.209769,0.453408,-0.229467,1.43017
220,1,5,5,0.0237752,0,0.209035,0.448576,-0.227818,1.43767
221,1,5,5,0.0265591,0,0.208037,0.442964,-0.226241,1.44577
222,1,5,5,0.0272202,0,0.207467,0.437407,-0.224624,1.45256
223,1,5,5,0.0277567,0,0.206741,0.431562,-0.223058,1.45968
224,1,5,5,0.0270203,0,0.206287,0.426772,-0.221362,1.46638
225,1,5,5,0.0274344,0,0.205734,0.420751,-0.219587,1.47358
226,1,5,5,0.0283953,0,0.205413,0.413839,-0.217537,1.48083
227,1,5,1,0.0297997,0,0.205345,0.406495,-0.21516,1.48824
228,1,5,1,0.0309649,0,0.205655,0.398383,-0.21258,1.49498
229,1,5,1,0.0333004,0,0.20607,0.38875,-0.209743,1.50207
230,1,5,1,0.0346455,0,0.20669,0.37909,-0.206844,1.50868
231,1,5,2,0.0344791,0,0.208041,0.369918,-0.203594,1.51397
232,1,5,2,0.0359203,0,0.209796,0.359192,-0.199714,1.51982
233,1,5,2,0.0372314,0,0.212305,0.348107,-0.195178,1.52521
234,1,5,2,0.0384174,0,0.215851,0.336732,-0.189736,1.53
235,1,5,2,0.0399353,0,0.220606,0.324674,-0.183371,1.53363
236,1,5,2,0.0427134,0,0.225764,0.311005,-0.176562,1.53721
237,1,5,2,0.0457735,0,0.232332,0.296251,-0.168626,1.53958
238,1,5,2,0.0495006,0,0.239928,0.280317,-0.159721,1.54151
239,1,5,2,0.0538324,0,0.248333,0.262642,-0.150302,1.54224
240,1,5,2,0.0585189,0,0.257665,0.243617,-0.139948,1.54276
241,1,5,2,0.0631178,0,0.268079,0.223365,-0.128821,1.54201
242,1,5,2,0.0668897,0,0.278485,0.202186,-0.118116,1.53986
243,1,5,2,0.0703689,0,0.289283,0.179992,-0.107317,1.53661
244,1,5,1,0.0721945,0,0.299598,0.158078,-0.0965578,1.53489
245,1,5,1,0.0739471,0,0.309459,0.135033,-0.0861449,1.5335
246,1,5,1,0.0755832,0,0.318552,0.111004,-0.0762427,1.53299
247,1,5,1,0.0780843,0,0.326568,0.0851518,-0.066952,1.53403
248,1,5,1,0.0803644,0,0.334335,0.058981,-0.0575075,1.53639
249,1,5,1,0.0835523,0,0.341745,0.0309899,-0.0487106,1.53772
250,1,5,1,0.0863408,0,0.349177,0.00256752,-0.0395619,1.54009
251,1,5,1,0.0888112,0,0.355882,-0.0263529,-0.0304919,1.54465
252,1,5,1,0.0892047,0,0.363274,-0.0535732,-0.0204534,1.55013
253,1,5,1,0.0916221,0,0.36902,-0.0828389,-0.0109817,1.55922
254,1,5,1,0.0945555,0,0.37353,-0.112345,-0.00168205,1.57193
255,1,5,1,0.0973785,0,0.377119,-0.142916,0.00641275,1.58379
256,1,5,1,0.099819,0,0.381409,-0.174382,0.0147924,1.59412
257,1,5,1,0.102259,0,0.382749,-0.205943,0.0211615,1.60794
258,1,5,1,0.102039,0,0.383921,-0.236667,0.0267647,1.6199
259,1,5,1,0.0998124,0,0.384333,-0.266502,0.0309597,1.62994
260,1,5,1,0.0970076,0,0.382942,-0.294714,0.0338735,1.64207
261,1,5,1,0.0936474,0,0.378554,-0.321659,0.0338307,1.65487
262,1,5,1,0.0893666,0,0.373851,-0.347888,0.0324465,1.66445
263,1,5,1,0.0857642,0,0.367143,-0.372809,0.0291664,1.67477
264,1,5,1,0.0849089,0,0.358982,-0.3977,0.0253863,1.68841
265,1,5,1,0.0812182,0,0.348806,-0.42066,0.0176996,1.69635
266,1,5,1,0.0796643,0,0.337101,-0.441168,0.0106347,1.71169
267,1,5,1,0.0782609,0,0.322785,-0.462255,-0.000922982,1.72127
268,1,5,1,0.0762636,0,0.306008,-0.481051,-0.0157022,1.72892
269,1,5,1,0.0735052,0,0.287885,-0.497078,-0.032901,1.73349
270,1,5,1,0.0722524,0,0.269279,-0.511167,-0.0487991,1.74407
271,1,5,1,0.0706419,0,0.249408,-0.52368,-0.0684224,1.74696
272,1,5,1,0.0670941,0,0.230089,-0.531601,-0.0863639,1.75378
273,1,5,1,0.0631843,0,0.211241,-0.536596,-0.103708,1.76115
274,1,5,1,0.0603596,0,0.192152,-0.539581,-0.12163,1.76761
275,1,5,1,0.0584838,0,0.173138,-0.541482,-0.140259,1.7716
276,1,5,1,0.0557926,0,0.155703,-0.54143,-0.157177,1.77592
277,1,5,1,0.0529514,0,0.139604,-0.5406,-0.173136,1.77887
278,1,1,1,0.0494993,0,0.125213,-0.539987,-0.187861,1.78
279,1,1,1,0.0447689,0,0.112948,-0.538881,-0.200225,1.78162
280,1,1,1,0.0391777,0,0.10283,-0.537479,-0.210419,1.783
281,1,1,1,0.034056,0,0.094252,-0.536034,-0.219501,1.78277
282,1,1,1,0.0291302,0,0.0866863,-0.534694,-0.22691,1.78452
283,1,1,1,0.0242723,0,0.0808143,-0.533156,-0.232571,1.78621
284,1,1,1,0.0205135,0,0.0758951,-0.531329,-0.237689,1.78644
285,1,1,1,0.0175576,0,0.0717611,-0.52946,-0.242155,1.78613
286,1,1,1,0.0146593,0,0.068618,-0.527811,-0.245466,1.78618
287,1,1,1,0.0120297,0,0.0665256,-0.526042,-0.247782,1.78589
288,1,1,1,0.00982272,0,0.0648747,-0.524971,-0.249759,1.78516
289,1,1,1,0.00779759,0,0.0635183,-0.524311,-0.251354,1.78464
290,1,1,1,0.00584232,0,0.0626385,-0.523291,-0.25215,1.78512
291,1,1,1,0.00446631,0,0.0616538,-0.522698,-0.252737,1.78661
292,1,1,1,0.00369638,0,0.0610361,-0.522301,-0.253096,1.78757
293,1,1,1,0.00409551,0,0.0602562,-0.521715,-0.253448,1.78912
294,1,1,1,0.00340156,0,0.0595578,-0.521184,-0.254207,1.78907
295,1,1,1,0.00235848,0,0.0588327,-0.521567,-0.255101,1.7886
296,1,1,1,0.00238463,0,0.0584723,-0.521769,-0.255896,1.78723
297,1,1,1,0.00341016,0,0.0579525,-0.522071,-0.256815,1.78599
298,1,1,1,0.00263226,0,0.0579246,-0.522084,-0.256821,1.78606
299,1,1,1,0.00107123,0,0.0583693,-0.521713,-0.25625,1.78643
300,1,1,1,0.00125656,0,0.0586116,-0.521258,-0.255584,1.78781
301,1,1,1,0.00291247,0,0.0587332,-0.520658,-0.255069,1.78911
302,1,1,1,0.00157252,0,0.058756,-0.520502,-0.25539,1.788
303,1,1,1,0.00232329,0,0.0583277,-0.520529,-0.256631,1.78542
304,1,1,1,0.0022523,0,0.0578716,-0.52024,-0.257053,1.78563
305,1,1,1,0.00470477,0,0.0574557,-0.520097,-0.258259,1.78313
306,1,1,1,0.00673429,0,0.057421,-0.520428,-0.25922,1.78011
307,1,1,1,0.00469915,0,0.0573911,-0.520329,-0.259233,1.78017
308,1,1,1,0.00107947,0,0.057326,-0.519582,-0.258647,1.78235
309,1,1,1,0.00154851,0,0.0570816,-0.520273,-0.25931,1.78098
310,2,1,1,0,0,0.0571038,-0.520452,-0.2592,1.78125
311,0,1,1,0,0,0.0567556,-0.520089,-0.259261,1.78226
312,0,1,1,0,0,0.0565719,-0.519954,-0.259381,1.7825
313,0,1,1,0,0,0.0565308,-0.520591,-0.259891,1.78094
314,0,1,1,0,0,0.056539,-0.520608,-0.259858,1.78102
315,0,1,1,0,0,0.0562481,-0.520801,-0.260003,1.78152
316,0,1,1,0,0,0.0561732,-0.521223,-0.260102,1.78142
317,0,1,1,0,0,0.0560072,-0.521509,-0.260026,1.78221
318,0,1,1,0,0,0.0559849,-0.521591,-0.260065,1.78216
319,0,1,1,0,0,0.05599,-0.521471,-0.260027,1.78227
320,0,1,1,0,0,0.0561499,-0.521627,-0.259991,1.78183
321,0,1,1,0,0,0.0563941,-0.521398,-0.259734,1.78185
322,0,1,1,0,0,0.0567097,-0.521496,-0.259927,1.78015
323,0,1,1,0,0,0.0568791,-0.521071,-0.2596,1.78067
324,0,1,1,0,0,0.0569383,-0.52056,-0.259035,1.78234
325,0,1,1,0,0,0.0570248,-0.520318,-0.259031,1.78207
326,0,1,1,0,0,0.0568056,-0.520575,-0.259264,1.78204
327,0,1,1,0,0,0.0566855,-0.520362,-0.259118,1.78294
328,0,1,1,0,0,0.0567321,-0.520887,-0.259563,1.7813
329,0,1,1,0,0,0.0567599,-0.521782,-0.260301,1.77874
330,0,1,1,0,0,0.0564147,-0.522166,-0.260413,1.77952
331,0,1,1,0,0,0.0561569,-0.522345,-0.260522,1.78003
332,0,1,1,0,0,0.0561724,-0.521994,-0.259912,1.78199
333,0,1,1,0,0,0.0560346,-0.52143,-0.25919,1.78484
334,0,1,1,0,0,0.0561749,-0.520901,-0.258819,1.78561
335,0,1,1,0,0,0.0565529,-0.520486,-0.258768,1.78452
336,0,1,1,0,0,0.0568075,-0.520332,-0.258748,1.78373
337,0,1,1,0,0,0.0569719,-0.520531,-0.2593,1.78136
338,0,1,1,0,0,0.0568088,-0.520977,-0.25996,1.77974
339,0,1,1,0,0,0.0565073,-0.521395,-0.260221,1.77989
340,0,1,1,0,0,0.0565949,-0.521083,-0.260116,1.77995
341,0,1,1,0,0,0.0568662,-0.52091,-0.2599,1.77975
342,0,1,1,0,0,0.0570264,-0.520904,-0.259784,1.77958
343,0,1,1,0,0,0.057477,-0.520806,-0.259694,1.77835
344,0,1,1,0,0,0.0575742,-0.520519,-0.259601,1.77834
345,0,1,1,0,0,0.0577379,-0.52092,-0.259725,1.77735
346,0,1,1,0,0,0.057702,-0.52083,-0.259818,1.77718
347,0,1,1,0,0,0.0575464,-0.520802,-0.259919,1.77738
348,0,1,1,0,0,0.0573267,-0.520582,-0.259807,1.77851
349,0,1,1,0,0,0.0576388,-0.520571,-0.259734,1.77768
350,0,1,1,0,0,0.0578148,-0.520569,-0.259645,1.77738
351,0,1,1,0,0,0.0576561,-0.521006,-0.259667,1.77781
352,0,1,1,0,0,0.0576985,-0.521316,-0.259612,1.77782
353,0,1,1,0,0,0.0576256,-0.521113,-0.259324,1.77902
354,0,1,1,0,0,0.0574586,-0.521152,-0.259315,1.77962
355,0,1,1,0,0,0.056995,-0.520972,-0.25924,1.78145
356,0,1,1,0,0,0.0570437,-0.520812,-0.259163,1.78154
357,0,1,1,0,0,0.0569592,-0.52064,-0.259093,1.78207
358,0,1,1,0,0,0.0571905,-0.520797,-0.259417,1.78022
359,0,1,1,0,0,0.0572531,-0.520799,-0.259428,1.77997
360,0,1,1,0,0,0.0575547,-0.520581,-0.259412,1.77902
361,0,1,1,0,0,0.0576096,-0.520247,-0.259381,1.77895
362,0,1,1,0,0,0.057662,-0.520295,-0.259503,1.77838
363,0,1,1,0,0,0.0574532,-0.520628,-0.259649,1.77859
364,0,1,1,0,0,0.0572699,-0.520445,-0.25972,1.77899
365,0,1,1,0,0,0.0571664,-0.520418,-0.259577,1.77981
366,0,1,1,0,0,0.057347,-0.520525,-0.259419,1.7797
367,0,1,1,0,0,0.0572915,-0.52044,-0.259486,1.77968
368,0,1,1,0,0,0.0575154,-0.520699,-0.259554,1.77868
369,0,1,1,0,0,0.0577194,-0.520718,-0.25944,1.77836
370,0,1,1,0,0,0.05777,-0.520454,-0.259338,1.77853
371,0,1,1,0,0,0.0577587,-0.520009,-0.259274,1.77881
372,0,1,1,0,0,0.0579888,-0.519427,-0.258924,1.77921
373,0,1,1,0,0,0.0580651,-0.518552,-0.258479,1.78046
374,0,1,1,0,0,0.0582254,-0.518178,-0.258238,1.78073
375,0,1,1,0,0,0.0580972,-0.519176,-0.258763,1.77938
376,0,1,1,0,0,0.0580793,-0.51915,-0.258774,1.77941
377,0,1,1,0,0,0.0579023,-0.519464,-0.258855,1.77973
378,0,1,1,0,0,0.0579003,-0.519215,-0.258748,1.7801
379,0,1,1,0,0,0.0577037,-0.519473,-0.25895,1.78009
380,0,1,1,0,0,0.0577587,-0.518445,-0.258456,1.78158
381,0,1,1,0,0,0.0577281,-0.518466,-0.258489,1.78158
382,0,1,1,0,0,0.0576343,-0.518481,-0.258705,1.78119
383,0,1,1,0,0,0.0573108,-0.51908,-0.259019,1.78123
384,0,1,1,0,0,0.057341,-0.519039,-0.258945,1.78137
385,0,1,1,0,0,0.0571434,-0.519622,-0.259259,1.78098
386,0,1,1,0,0,0.0569583,-0.51999,-0.259421,1.78106
387,0,1,1,0,0,0.0570295,-0.519975,-0.259242,1.7814
388,0,1,1,0,0,0.0573523,-0.519444,-0.258555,1.78257
389,0,1,1,0,0,0.0575231,-0.519051,-0.258333,1.78274
390,0,1,1,0,0,0.0578831,-0.518265,-0.257602,1.78395
391,0,1,1,0,0,0.0582366,-0.517738,-0.256903,1.78505
392,0,1,1,0,0,0.0586631,-0.517696,-0.256376,1.78532
393,0,1,1,0,0,0.0588363,-0.518199,-0.256371,1.78471
394,3,1,1,0.00149505,0,0.0590711,-0.519022,-0.256031,1.78496
395,1,1,1,0.00234245,0,0.0595761,-0.520071,-0.255882,1.78365
396,1,1,1,0.00366715,0,0.059909,-0.521087,-0.255983,1.78211
397,1,1,1,0.00389344,0,0.0600954,-0.521683,-0.256075,1.78114
398,1,1,1,0.00366357,0,0.0602741,-0.522164,-0.25612,1.78035
399,1,1,1,0.00297902,0,0.0603631,-0.522608,-0.256102,1.78007
400,1,1,1,0.0018073,0,0.0602161,-0.522584,-0.256272,1.78002
401,1,1,1,0,0,0.0602196,-0.522798,-0.256233,1.78012
402,1,1,1,0.00139669,0,0.0601669,-0.523558,-0.255985,1.78105
403,1,1,1,0.00269041,0,0.0611423,-0.525115,-0.255487,1.77924
404,1,1,1,0.00508625,0,0.06261,-0.526985,-0.254649,1.77683
405,1,1,1,0.00902818,0,0.065793,-0.529774,-0.25238,1.77318
406,1,1,1,0.0142654,0,0.0709892,-0.532655,-0.248668,1.76736
407,1,1,1,0.0203037,0,0.078365,-0.535064,-0.243284,1.7596
408,1,1,1,0.0253198,0,0.0872971,-0.537354,-0.236228,1.75199
409,1,1,1,0.0317587,0,0.0987466,-0.538948,-0.227361,1.74175
410,1,1,1,0.0374291,0,0.111642,-0.539611,-0.217232,1.73077
411,1,1,1,0.0418614,0,0.125842,-0.539895,-0.205613,1.72022
412,1,1,1,0.0467915,0,0.141697,-0.539251,-0.19286,1.70779
413,1,1,0,0.0508787,0,0.158276,-0.537444,-0.179506,1.69494
414,1,1,0,0.0540786,0,0.175347,-0.535094,-0.165827,1.68151
415,1,1,0,0.0572458,0,0.192905,-0.531528,-0.152065,1.66679
416,1,1,0,0.0602854,0,0.210675,-0.526272,-0.138435,1.65104
417,1,1,0,0.0616947,0,0.227646,-0.519828,-0.125507,1.63582
418,1,1,0,0.0632868,0,0.244883,-0.511754,-0.112396,1.6204
419,1,1,0,0.0649183,0,0.261849,-0.501386,-0.0995981,1.60506
420,1,1,0,0.0661818,0,0.277881,-0.489093,-0.0877413,1.58997
421,1,1,0,0.0666821,0,0.292452,-0.475344,-0.0772056,1.57567
422,1,1,0,0.0669839,0,0.305923,-0.460477,-0.0676737,1.56192
423,1,1,0,0.0664025,0,0.317183,-0.443615,-0.0598675,1.55024
424,1,1,0,0.0677383,0,0.32743,-0.42384,-0.0531476,1.53868
425,1,1,0,0.0698604,0,0.336415,-0.401865,-0.0473298,1.52864
426,1,1,0,0.0732904,0,0.344355,-0.377784,-0.0425489,1.51895
427,1,1,0,0.0780568,0,0.351478,-0.35099,-0.0384044,1.51016
428,1,1,0,0.0805284,0,0.357513,-0.324494,-0.0346687,1.50371
429,1,1,0,0.082411,0,0.361905,-0.296915,-0.0321853,1.49887
430,1,1,0,0.0843792,0,0.365394,-0.268327,-0.0305389,1.49445
431,1,1,0,0.0870257,0,0.368072,-0.238184,-0.0297133,1.49023
432,1,1,0,0.0859814,0,0.369,-0.210377,-0.0293549,1.49028
433,1,1,0,0.0854112,0,0.368913,-0.182366,-0.0297625,1.4913
434,1,1,0,0.0834302,0,0.367788,-0.155818,-0.0305267,1.49459
435,1,1,0,0.0810811,0,0.365709,-0.130265,-0.0318403,1.49926
436,1,1,0,0.0767972,0,0.362433,-0.108017,-0.0332389,1.50748
437,1,1,0,0.0748221,0,0.359087,-0.0845321,-0.0355473,1.51307
438,1,1,0,0.0735435,0,0.3556,-0.0607951,-0.0383255,1.51764
439,1,1,0,0.0720902,0,0.351904,-0.0381167,-0.0410253,1.5231
440,1,1,0,0.0705423,0,0.347978,-0.0163806,-0.0436933,1.52937
441,1,1,0,0.0702109,0,0.344399,0.00619672,-0.046306,1.5347
442,1,1,0,0.0693234,0,0.341147,0.0280184,-0.048319,1.54081
443,1,1,0,0.0685696,0,0.337641,0.0495738,-0.0505247,1.54714
444,1,1,0,0.0682459,0,0.33406,0.0711202,-0.0527033,1.55381
445,1,1,0,0.0680182,0,0.330629,0.0921611,-0.0542266,1.56207
446,1,1,0,0.0680776,0,0.326386,0.112775,-0.0560896,1.57195
447,1,1,0,0.0688851,0,0.321306,0.13342,-0.0584533,1.58305
448,1,1,0,0.0695968,0,0.316357,0.154126,-0.0607474,1.59394
449,1,1,0,0.0705529,0,0.310435,0.174314,-0.0634879,1.60665
450,1,1,0,0.0711309,0,0.303925,0.194591,-0.0670367,1.61873
451,1,1,0,0.0702608,0,0.297745,0.214268,-0.0706501,1.62944
452,1,1,0,0.0701812,0,0.291153,0.233981,-0.074251,1.6416
453,1,1,0,0.0702868,0,0.284128,0.253465,-0.0781156,1.65435
454,1,1,0,0.0692911,0,0.276965,0.272071,-0.0823468,1.66632
455,1,1,0,0.0690118,0,0.269602,0.290621,-0.0865135,1.67917
456,1,1,0,0.0690706,0,0.261861,0.308639,-0.0907585,1.69301
457,1,1,0,0.0682886,0,0.254375,0.326417,-0.0950519,1.70582
458,1,1,0,0.0671549,0,0.246506,0.343281,-0.0996753,1.71878
459,1,1,0,0.0658131,0,0.239088,0.359753,-0.103925,1.7314
460,1,1,0,0.0622485,0,0.231392,0.37397,-0.10887,1.74254
461,1,1,0,0.0591329,0,0.223115,0.3875,-0.114431,1.7536
462,1,1,0,0.0579112,0,0.214897,0.401885,-0.119796,1.76516
463,1,0,0,0.0555037,0,0.207059,0.414672,-0.125018,1.77578
464,1,0,0,0.0508409,0,0.199458,0.42548,-0.130913,1.78326
465,1,0,0,0.0477496,0,0.191973,0.436066,-0.136449,1.7915
466,1,0,0,0.0475175,0,0.184669,0.448781,-0.141529,1.80076
467,1,0,0,0.0454085,0,0.176832,0.458841,-0.147397,1.80907
468,1,0,0,0.0435691,0,0.169897,0.469099,-0.152684,1.81623
469,1,0,0,0.0454926,0,0.161957,0.480653,-0.157939,1.827
470,1,0,0,0.0461968,0,0.154268,0.491985,-0.163283,1.8366
471,1,0,0,0.042382,0,0.147453,0.50017,-0.168694,1.84279
472,1,0,0,0.0383292,0,0.140794,0.507368,-0.174261,1.84788
473,1,0,0,0.0319047,0,0.134585,0.511316,-0.179899,1.85096
474,1,0,0,0.0261904,0,0.129478,0.515566,-0.184889,1.85242
475,1,0,0,0.0202928,0,0.124759,0.516622,-0.190004,1.85192
476,1,0,0,0.0166178,0,0.120552,0.517061,-0.194472,1.85174
477,1,0,0,0.0128192,0,0.118368,0.515644,-0.197308,1.84986
478,1,0,0,0.0103823,0,0.115993,0.516881,-0.199547,1.85074
479,1,0,0,0.00815203,0,0.114722,0.515857,-0.201199,1.84963
480,1,0,0,0.00479277,0,0.114479,0.516426,-0.201271,1.85026
481,1,0,0,0.00258333,0,0.115332,0.515279,-0.200699,1.84914
482,1,0,0,0.00139117,0,0.115266,0.515034,-0.200725,1.84925
483,1,0,0,0.00273829,0,0.11583,0.51404,-0.200562,1.84779
484,1,0,0,0.00296322,0,0.116296,0.512811,-0.200007,1.84792
485,1,0,0,0.00408054,0,0.116874,0.511179,-0.199609,1.84713
486,1,0,0,0.00262686,0,0.116438,0.511264,-0.199513,1.84893
487,1,0,0,0.00358962,0,0.116757,0.509398,-0.199241,1.84859
488,1,0,0,0.00481297,0,0.116782,0.506991,-0.199169,1.84857
489,1,0,0,0.00667336,0,0.11659,0.50367,-0.199538,1.84778
490,1,0,0,0.0120373,0,0.11935,0.497896,-0.198095,1.84266
491,1,0,0,0.0106296,0,0.118948,0.495941,-0.198197,1.84355
492,1,0,0,0.00729814,0,0.118348,0.495636,-0.197698,1.84719
493,1,0,0,0.00547902,0,0.11772,0.495682,-0.197741,1.84919
494,2,0,0,0.00532543,0,0.117703,0.497392,-0.197156,1.85127
495,0,0,0,0,0,0.11399,0.501612,-0.198758,1.859
496,0,0,0,0,0,0.113797,0.501682,-0.198904,1.85919
497,0,0,0,0,0,0.113657,0.501948,-0.199278,1.85846
498,0,0,0,0,0,0.113768,0.502246,-0.198698,1.85999
499,0,0,0,0,0,0.113341,0.502376,-0.198917,1.86074
500,0,0,0,0,0,0.113345,0.502373,-0.199028,1.86037
501,0,0,0,0,0,0.113508,0.50223,-0.198769,1.86065
502,0,0,0,0,0,0.114,0.5018,-0.198712,1.85913
503,0,0,0,0,0,0.113936,0.501853,-0.199003,1.8584
504,0,0,0,0,0,0.113898,0.50168,-0.19891,1.85882
505,0,0,0,0,0,0.114032,0.502063,-0.1986,1.8594
506,0,0,0,0,0,0.113852,0.502399,-0.198686,1.85976
507,0,0,0,0,0,0.113675,0.50303,-0.198433,1.86123
508,0,0,0,0,0,0.114185,0.503111,-0.198013,1.86087
509,0,0,0,0,0,0.114581,0.502959,-0.19774,1.8604
510,0,0,0,0,0,0.114943,0.502499,-0.197528,1.85982
511,0,0,0,0,0,0.115433,0.501866,-0.196961,1.85995
512,0,0,0,0,0,0.115579,0.501631,-0.19702,1.85924
513,0,0,0,0,0,0.115694,0.501367,-0.196977,1.85897
514,0,0,0,0,0,0.116024,0.501409,-0.196549,1.85924
515,0,0,0,0,0,0.115844,0.501821,-0.196458,1.86018
516,0,0,0,0,0,0.11584,0.502256,-0.196534,1.85998
517,0,0,0,0,0,0.115635,0.502291,-0.196747,1.85999
518,0,0,0,0,0,0.114879,0.502936,-0.197238,1.86101
519,0,0,0,0,0,0.114827,0.503301,-0.197409,1.86066
520,0,0,0,0,0,0.114713,0.503148,-0.197966,1.85923
521,0,0,0,0,0,0.114291,0.503398,-0.198481,1.85901
522,0,0,0,0,0,0.114096,0.503272,-0.198351,1.86008
523,0,0,0,0,0,0.11416,0.502967,-0.198392,1.85971
524,0,0,0,0,0,0.113802,0.502721,-0.198738,1.85978
525,0,0,0,0,0,0.113676,0.502873,-0.198613,1.86063
526,0,0,0,0,0,0.113798,0.502693,-0.198634,1.86013
527,0,0,0,0,0,0.113963,0.502834,-0.198686,1.85941
528,0,0,0,0,0,0.114323,0.502789,-0.198269,1.85954
529,0,0,0,0,0,0.114274,0.502966,-0.198336,1.85951
530,0,0,0,0,0,0.114423,0.503007,-0.198086,1.85981
531,0,0,0,0,0,0.114662,0.502896,-0.197656,1.86039
532,0,0,0,0,0,0.115171,0.503172,-0.197263,1.85995
533,0,0,0,0,0,0.115252,0.503014,-0.197477,1.85897
534,0,0,0,0,0,0.115888,0.502496,-0.197143,1.85786
535,0,0,0,0,0,0.116129,0.502449,-0.197252,1.85668
536,0,0,0,0,0,0.116052,0.502595,-0.197583,1.85588
537,0,0,0,0,0,0.115701,0.502281,-0.197952,1.85585
538,0,0,0,0,0,0.115651,0.502361,-0.197937,1.85607
539,0,0,0,0,0,0.115271,0.502523,-0.198185,1.85657
540,0,0,0,0,0,0.11543,0.502588,-0.197934,1.85685
541,0,0,0,0,0,0.115489,0.502676,-0.197812,1.85705
542,0,0,0,0,0,0.115269,0.50266,-0.197783,1.85789
543,0,0,0,0,0,0.115213,0.502525,-0.198011,1.85733
544,0,0,0,0,0,0.115267,0.502302,-0.197895,1.85751
545,0,0,0,0,0,0.115132,0.501965,-0.198197,1.85697
546,0,0,0,0,0,0.115307,0.501743,-0.198013,1.85695
547,0,0,0,0,0,0.115794,0.501735,-0.197827,1.8559
548,0,0,0,0,0,0.115448,0.501953,-0.197684,1.85756
549,0,0,0,0,0,0.114784,0.502483,-0.198101,1.8585
550,0,0,0,0,0,0.114411,0.503011,-0.197975,1.86021
551,0,0,0,0,0,0.113666,0.503272,-0.198394,1.86141
552,0,0,0,0,0,0.11334,0.503372,-0.198209,1.86312
553,0,0,0,0,0,0.113649,0.503475,-0.197632,1.86395
554,0,0,0,0,0,0.113715,0.503455,-0.197576,1.86391
555,0,0,0,0,0,0.113819,0.503443,-0.197161,1.8649
556,0,0,0,0,0,0.114359,0.503215,-0.196913,1.86385
557,0,0,0,0,0,0.113859,0.503315,-0.197404,1.86397
558,0,0,0,0,0,0.113546,0.503397,-0.198015,1.86305
559,0,0,0,0,0,0.11367,0.503418,-0.197829,1.86324
560,0,0,0,0,0,0.113398,0.503419,-0.198579,1.86173
561,0,0,0,0,0,0.112887,0.503496,-0.198975,1.86218
562,0,0,0,0,0,0.113041,0.503475,-0.199007,1.86155
563,0,0,0,0,0,0.113391,0.503308,-0.198732,1.86124
564,0,0,0,0,0,0.113482,0.503305,-0.198939,1.86026
565,0,0,0,0,0,0.113924,0.50298,-0.198639,1.85971
566,0,0,0,0,0,0.114542,0.50296,-0.198221,1.85896
567,0,0,0,0,0,0.114813,0.502793,-0.19817,1.8582
568,0,0,0,0,0,0.114483,0.502904,-0.198463,1.85837
569,0,0,0,0,0,0.114466,0.502799,-0.198397,1.85864
570,0,0,0,0,0,0.114196,0.502799,-0.19854,1.85909
571,0,0,0,0,0,0.113793,0.502744,-0.198762,1.85974
572,0,0,0,0,0,0.113771,0.502867,-0.198764,1.85982
573,0,0,0,0,0,0.114261,0.502634,-0.198472,1.85908
