Locations,2
Location Intervals,100
Sector Intervals,72
Edge,0,Number,0
0,0,0,0,0,0,0,0,0,0,0,0,0,0,0,0,0,0,0,0,0,0,0,0,0,0,0,0,0,0,0,0,0,0,0,0,0,0,0,0,0,0,0,0,0,0,0,0,0,0,0,0,0,0,0,0,0,0,0,0,0,0,0,0,0,0,0,0,0,0,0,0,0,0,0,0,0,0,0,0,0,0,0,0,0,0,0,0,0,0,0,0,0,0,0,0,0,0,0,0,0,0,0,0,0,0,0,0,0,0,0,0,0,0,0,0,0,0,0,0,0,0,0,0,0,0,0,0,0,0,0,0,0,0,0,0,0,0,0,0,0,0,0,0,0,0,0,0,0,0,0,0,0,0,0,0,0,0,0,0,0,0,0,0,0,0,0,0,0,0,0,0,0,0,0,0,0,0,0,0,0,0,0,0,0,0,0,0,0,0,0,0,0,0,0,0,0,0,0,0,0,0,0,0,0,0,0,0,0,0,0,0,0,0,0,0,0,0,0,0,0,0,0,0,0,0,0,0,0,0,0,0,0,0,0,0,0,0,0,0,0,0,0,0,0,0,0,0,0,0,0,0,0,0,0,0,0,0,0,0,0,0,0,0,0,0,0,0,0,0,0,0,0,0,0,0,0,0,0,0,0,0,0,0,0,0,0,0,0,0,0,0,0,0,0,0,0,0,0,0
Edge,0,Number,1
-0.1745,-0.157866,1.7146,-0.168243,-0.154487,1.71111,-0.158077,-0.148166,1.70589,-0.146435,-0.140269,1.69749,-0.133077,-0.132938,1.68958,-0.119411,-0.125774,1.68178,-0.105732,-0.118449,1.67387,-0.0921187,-0.110866,1.6659,-0.0785861,-0.103016,1.65799,-0.0651662,-0.0949511,1.6503,-0.0518028,-0.086763,1.64305,-0.0382469,-0.078429,1.63628,-0.0244653,-0.0700767,1.63015,-0.0102908,-0.0617487,1.62472,0.0042229,-0.0536056,1.62009,0.0191862,-0.0456698,1.61624,0.0345355,-0.0380591,1.61319,0.0502368,-0.0307977,1.61086,0.0663102,-0.0238981,1.60918,0.082509,-0.0174323,1.60807,0.0989898,-0.0113053,1.60742,0.115558,-0.00555021,1.60715,0.132259,-0.000105998,1.60715,0.149096,0.00507888,1.60737,0.165937,0.010002,1.60772,0.182821,0.014728,1.60816,0.19982,0.0193274,1.60863,0.216728,0.0237963,1.60907,0.233653,0.0282335,1.60945,0.250576,0.0327209,1.60974,0.267417,0.0373434,1.60989,0.284044,0.0422282,1.60989,0.300518,0.0476407,1.60972,0.316436,0.0539568,1.60941,0.331146,0.0618885,1.60915,0.343383,0.0722376,1.60931,0.351657,0.0845132,1.61019,0.354945,0.0986121,1.61197,0.352851,0.113763,1.61481,0.345733,0.128045,1.61843,0.335591,0.140939,1.62251,0.323995,0.152992,1.62701,0.311798,0.164338,1.63179,0.299211,0.175244,1.63682,0.286336,0.185866,1.6421,0.273345,0.196206,1.64754,0.260275,0.206347,1.65315,0.247092,0.216366,1.6589,0.233892,0.226242,1.66477,0.22059,0.236086,1.67076,0.207354,0.245789,1.67676,0.193992,0.255515,1.68286,0.180687,0.265143,1.68893,0.167385,0.274726,1.69493,0.154017,0.284305,1.70083,0.140558,0.293892,1.70653,0.127037,0.303429,1.7118,0.113465,0.312817,1.71623,0.100047,0.321611,1.71859,0.0873983,0.328795,1.7165,0.0775417,0.332611,1.70874,0.0720713,0.33037,1.69699,0.0711018,0.323852,1.68336,0.0736224,0.315216,1.66945,0.0772634,0.305738,1.65564,0.0814216,0.295701,1.64188,0.0857758,0.285451,1.62847,0.0902063,0.27504,1.6154,0.0946933,0.264384,1.60252,0.0992947,0.25327,1.58952,0.103939,0.241781,1.5765,0.108522,0.230134,1.5637,0.112988,0.218426,1.55121,0.117315,0.20669,1.53906,0.12143,0.195134,1.52744,0.12551,0.183254,1.51585,0.129521,0.171069,1.50434,0.133504,0.158437,1.4928,0.137445,0.145307,1.48122,0.141283,0.131841,1.4698,0.144999,0.118023,1.45855,0.148531,0.104152,1.44774,0.151843,0.0902631,1.43741,0.154953,0.0764336,1.42763,0.157893,0.06247,1.41828,0.16068,0.0484302,1.40942,0.163406,0.0339254,1.40083,0.166123,0.0189054,1.39252,0.168864,0.00354768,1.38463,0.171733,-0.0123613,1.37715,0.17483,-0.0291234,1.37017,0.17817,-0.0465049,1.36397,0.181637,-0.0632354,1.35878,0.185237,-0.0785905,1.35434,0.189216,-0.0931089,1.3497,0.193776,-0.107695,1.34361,0.19835,-0.122548,1.33539,0.201198,-0.137409,1.32603,0.200414,-0.151377,1.31824,0.197356,-0.161677,1.31213
Edge,1,Number,0
0,0,0,0,0,0,0,0,0,0,0,0,0,0,0,0,0,0,0,0,0,0,0,0,0,0,0,0,0,0,0,0,0,0,0,0,0,0,0,0,0,0,0,0,0,0,0,0,0,0,0,0,0,0,0,0,0,0,0,0,0,0,0,0,0,0,0,0,0,0,0,0,0,0,0,0,0,0,0,0,0,0,0,0,0,0,0,0,0,0,0,0,0,0,0,0,0,0,0,0,0,0,0,0,0,0,0,0,0,0,0,0,0,0,0,0,0,0,0,0,0,0,0,0,0,0,0,0,0,0,0,0,0,0,0,0,0,0,0,0,0,0,0,0,0,0,0,0,0,0,0,0,0,0,0,0,0,0,0,0,0,0,0,0,0,0,0,0,0,0,0,0,0,0,0,0,0,0,0,0,0,0,0,0,0,0,0,0,0,0,0,0,0,0,0,0,0,0,0,0,0,0,0,0,0,0,0,0,0,0,0,0,0,0,0,0,0,0,0,0,0,0,0,0,0,0,0,0,0,0,0,0,0,0,0,0,0,0,0,0,0,0,0,0,0,0,0,0,0,0,0,0,0,0,0,0,0,0,0,0,0,0,0,0,0,0,0,0,0,0,0,0,0,0,0,0,0,0,0,0,0,0,0,0,0,0,0,0,0,0,0,0,0,0,0,0,0,0,0,0
Edge,1,Number,1
0,0,0,0,0,0,0,0,0,0,0,0,0,0,0,0,0,0,0,0,0,0,0,0,0,0,0,0,0,0,0,0,0,0,0,0,0,0,0,0,0,0,0,0,0,0,0,0,0,0,0,0,0,0,0,0,0,0,0,0,0,0,0,0,0,0,0,0,0,0,0,0,0,0,0,0,0,0,0,0,0,0,0,0,0,0,0,0,0,0,0,0,0,0,0,0,0,0,0,0,0,0,0,0,0,0,0,0,0,0,0,0,0,0,0,0,0,0,0,0,0,0,0,0,0,0,0,0,0,0,0,0,0,0,0,0,0,0,0,0,0,0,0,0,0,0,0,0,0,0,0,0,0,0,0,0,0,0,0,0,0,0,0,0,0,0,0,0,0,0,0,0,0,0,0,0,0,0,0,0,0,0,0,0,0,0,0,0,0,0,0,0,0,0,0,0,0,0,0,0,0,0,0,0,0,0,0,0,0,0,0,0,0,0,0,0,0,0,0,0,0,0,0,0,0,0,0,0,0,0,0,0,0,0,0,0,0,0,0,0,0,0,0,0,0,0,0,0,0,0,0,0,0,0,0,0,0,0,0,0,0,0,0,0,0,0,0,0,0,0,0,0,0,0,0,0,0,0,0,0,0,0,0,0,0,0,0,0,0,0,0,0,0,0,0,0,0,0,0,0
