Locations,2
Location Intervals,100
Sector Intervals,72
Edge,0,Number,0
0,0,0,0,0,0,0,0,0,0,0,0,0,0,0,0,0,0,0,0,0,0,0,0,0,0,0,0,0,0,0,0,0,0,0,0,0,0,0,0,0,0,0,0,0,0,0,0,0,0,0,0,0,0,0,0,0,0,0,0,0,0,0,0,0,0,0,0,0,0,0,0,0,0,0,0,0,0,0,0,0,0,0,0,0,0,0,0,0,0,0,0,0,0,0,0,0,0,0,0,0,0,0,0,0,0,0,0,0,0,0,0,0,0,0,0,0,0,0,0,0,0,0,0,0,0,0,0,0,0,0,0,0,0,0,0,0,0,0,0,0,0,0,0,0,0,0,0,0,0,0,0,0,0,0,0,0,0,0,0,0,0,0,0,0,0,0,0,0,0,0,0,0,0,0,0,0,0,0,0,0,0,0,0,0,0,0,0,0,0,0,0,0,0,0,0,0,0,0,0,0,0,0,0,0,0,0,0,0,0,0,0,0,0,0,0,0,0,0,0,0,0,0,0,0,0,0,0,0,0,0,0,0,0,0,0,0,0,0,0,0,0,0,0,0,0,0,0,0,0,0,0,0,0,0,0,0,0,0,0,0,0,0,0,0,0,0,0,0,0,0,0,0,0,0,0,0,0,0,0,0,0,0,0,0,0,0,0,0,0,0,0,0,0,0,0,0,0,0,0
Edge,0,Number,1
-0.1745,-0.157866,1.7146,-0.164469,-0.149385,1.70819,-0.150708,-0.140568,1.69794,-0.134844,-0.133367,1.6902,-0.12015,-0.12623,1.68229,-0.106024,-0.118887,1.67422,-0.0922144,-0.111271,1.66606,-0.0786267,-0.10337,1.65795,-0.0652377,-0.0952415,1.65008,-0.0519556,-0.0869722,1.64267,-0.0385072,-0.0785566,1.63575,-0.0248315,-0.0701204,1.62952,-0.0107535,-0.0617122,1.62402,0.00369351,-0.0534944,1.61936,0.0186126,-0.0454936,1.6155,0.0339618,-0.0378305,1.61249,0.0496986,-0.0305342,1.61023,0.0658263,-0.0236104,1.60862,0.0821027,-0.017135,1.6076,0.0986642,-0.0110023,1.60703,0.115321,-0.00525045,1.60683,0.132111,0.000185952,1.60691,0.149047,0.0053563,1.6072,0.16599,0.0102639,1.60762,0.182979,0.0149715,1.60811,0.200101,0.0195534,1.60863,0.217137,0.0239955,1.60911,0.234216,0.0284011,1.60954,0.25134,0.0328523,1.60986,0.268425,0.0374248,1.61003,0.285393,0.0422396,1.61004,0.302353,0.0475444,1.60985,0.319121,0.0536682,1.60944,0.3353,0.0612254,1.60889,0.349256,0.0710858,1.60857,0.358425,0.0831683,1.60929,0.362695,0.0970072,1.61092,0.360193,0.111945,1.61357,0.350739,0.12664,1.61726,0.338683,0.140014,1.62156,0.326069,0.152353,1.62623,0.313259,0.163881,1.63115,0.300287,0.174907,1.63629,0.287147,0.185618,1.64165,0.273949,0.196032,1.64718,0.260709,0.206237,1.65286,0.247387,0.216313,1.65868,0.234062,0.226245,1.66462,0.220644,0.236146,1.67067,0.207294,0.245911,1.67675,0.193816,0.255703,1.68293,0.180384,0.265414,1.6891,0.166932,0.275098,1.69523,0.153386,0.284807,1.70129,0.139682,0.294583,1.70721,0.1258,0.304415,1.71284,0.111601,0.314342,1.71793,0.0967128,0.32447,1.72191,0.0814304,0.334162,1.72282,0.0696838,0.340443,1.7176,0.06554,0.338112,1.70445,0.0675282,0.328607,1.68777,0.071947,0.317758,1.67176,0.0762466,0.30749,1.65716,0.0807233,0.29706,1.64299,0.0852939,0.286523,1.62928,0.0898624,0.275914,1.616,0.0944393,0.26514,1.60298,0.0991095,0.253942,1.58988,0.103815,0.242381,1.57677,0.108451,0.230654,1.56388,0.112963,0.218865,1.55131,0.117327,0.207063,1.53908,0.121473,0.195444,1.5274,0.125579,0.183518,1.51575,0.129618,0.171299,1.50418,0.13363,0.158633,1.49257,0.137598,0.145464,1.48093,0.141458,0.131953,1.46944,0.145191,0.118085,1.45813,0.148735,0.104159,1.44726,0.152052,0.0902143,1.43687,0.155162,0.0763301,1.42705,0.158108,0.0623051,1.41764,0.160889,0.0481999,1.40873,0.163608,0.03361,1.40006,0.16631,0.0184789,1.39167,0.169032,0.00298553,1.38367,0.171909,-0.0131389,1.37599,0.175047,-0.0302607,1.36864,0.178357,-0.0480205,1.36221,0.181631,-0.0647982,1.35742,0.185035,-0.0799573,1.35373,0.188839,-0.0941759,1.35008,0.19338,-0.108338,1.34518,0.198651,-0.12273,1.33764,0.203462,-0.137418,1.32728,0.205197,-0.151808,1.31645,0.200601,-0.16131,1.31129,0.194973,-0.169091,1.30714
Edge,1,Number,0
0,0,0,0,0,0,0,0,0,0,0,0,0,0,0,0,0,0,0,0,0,0,0,0,0,0,0,0,0,0,0,0,0,0,0,0,0,0,0,0,0,0,0,0,0,0,0,0,0,0,0,0,0,0,0,0,0,0,0,0,0,0,0,0,0,0,0,0,0,0,0,0,0,0,0,0,0,0,0,0,0,0,0,0,0,0,0,0,0,0,0,0,0,0,0,0,0,0,0,0,0,0,0,0,0,0,0,0,0,0,0,0,0,0,0,0,0,0,0,0,0,0,0,0,0,0,0,0,0,0,0,0,0,0,0,0,0,0,0,0,0,0,0,0,0,0,0,0,0,0,0,0,0,0,0,0,0,0,0,0,0,0,0,0,0,0,0,0,0,0,0,0,0,0,0,0,0,0,0,0,0,0,0,0,0,0,0,0,0,0,0,0,0,0,0,0,0,0,0,0,0,0,0,0,0,0,0,0,0,0,0,0,0,0,0,0,0,0,0,0,0,0,0,0,0,0,0,0,0,0,0,0,0,0,0,0,0,0,0,0,0,0,0,0,0,0,0,0,0,0,0,0,0,0,0,0,0,0,0,0,0,0,0,0,0,0,0,0,0,0,0,0,0,0,0,0,0,0,0,0,0,0,0,0,0,0,0,0,0,0,0,0,0,0,0,0,0,0,0,0
Edge,1,Number,1
0,0,0,0,0,0,0,0,0,0,0,0,0,0,0,0,0,0,0,0,0,0,0,0,0,0,0,0,0,0,0,0,0,0,0,0,0,0,0,0,0,0,0,0,0,0,0,0,0,0,0,0,0,0,0,0,0,0,0,0,0,0,0,0,0,0,0,0,0,0,0,0,0,0,0,0,0,0,0,0,0,0,0,0,0,0,0,0,0,0,0,0,0,0,0,0,0,0,0,0,0,0,0,0,0,0,0,0,0,0,0,0,0,0,0,0,0,0,0,0,0,0,0,0,0,0,0,0,0,0,0,0,0,0,0,0,0,0,0,0,0,0,0,0,0,0,0,0,0,0,0,0,0,0,0,0,0,0,0,0,0,0,0,0,0,0,0,0,0,0,0,0,0,0,0,0,0,0,0,0,0,0,0,0,0,0,0,0,0,0,0,0,0,0,0,0,0,0,0,0,0,0,0,0,0,0,0,0,0,0,0,0,0,0,0,0,0,0,0,0,0,0,0,0,0,0,0,0,0,0,0,0,0,0,0,0,0,0,0,0,0,0,0,0,0,0,0,0,0,0,0,0,0,0,0,0,0,0,0,0,0,0,0,0,0,0,0,0,0,0,0,0,0,0,0,0,0,0,0,0,0,0,0,0,0,0,0,0,0,0,0,0,0,0,0,0,0,0,0,0
