Locations,4
Location Intervals,100
Sector Intervals,36
0,0,0
0,0,0,0,0,0,0,0,0,0,0,0,0,0,0,0,0,0,0,0,0,0,0,0,0,0,0,0,0,0,0,0,0,0,0,0,0,0,0,0,0,0,0,0,0,0,0,0,0,0,0,0,0,0,0,0,0,0,0,0,0,0,0,0,0,0,0,0,0,0,0,0,0,0,0,0,0,0,0,0,0,0,0,0,0,0,0,0,0,0,0,0,0,0,0,0,0,0,0,0
0,1,0
0.000427826,0.000941578,0.00205095,0.00398189,0.00645854,0.00988518,0.0152501,0.0236113,0.0345811,0.0458427,0.0556056,0.0623264,0.0662774,0.0694736,0.0731342,0.0771966,0.0801668,0.0820142,0.0832438,0.0849342,0.0872579,0.0896996,0.0920779,0.0941771,0.0961687,0.10021,0.105818,0.110343,0.113176,0.114381,0.114423,0.114147,0.114568,0.116429,0.119495,0.122875,0.128629,0.133472,0.136867,0.138209,0.138285,0.137648,0.135641,0.133395,0.131144,0.128722,0.126294,0.124606,0.124516,0.125957,0.130401,0.136707,0.143284,0.149017,0.152734,0.153854,0.152677,0.149948,0.145952,0.140444,0.13398,0.128091,0.124082,0.122465,0.122331,0.121981,0.119063,0.111978,0.100581,0.0864475,0.0717039,0.0595488,0.0536663,0.0540571,0.0548197,0.0573019,0.0608253,0.0638163,0.0660801,0.0684621,0.070972,0.0729394,0.0734305,0.0729384,0.0741703,0.0764412,0.0819578,0.0865262,0.0866491,0.0840898,0.0808283,0.0772045,0.071198,0.06183,0.0514343,0.0396243,0.0288709,0.0202207,0.0135436,0.00842427
0,2,0
0,0,0,0,0,0,0,0,0,0,0,0,0,0,0,0,0,0,0,0,0,0,0,0,0,0,0,0,0,0,0,0,0,0,0,0,0,0,0,0,0,0,0,0,0,0,0,0,0,0,0,0,0,0,0,0,0,0,0,0,0,0,0,0,0,0,0,0,0,0,0,0,0,0,0,0,0,0,0,0,0,0,0,0,0,0,0,0,0,0,0,0,0,0,0,0,0,0,0,0
0,3,0
0,0,0,0,0,0,0,0,0,0,0,0,0,0,0,0,0,0,0,0,0,0,0,0,0,0,0,0,0,0,0,0,0,0,0,0,0,0,0,0,0,0,0,0,0,0,0,0,0,0,0,0,0,0,0,0,0,0,0,0,0,0,0,0,0,0,0,0,0,0,0,0,0,0,0,0,0,0,0,0,0,0,0,0,0,0,0,0,0,0,0,0,0,0,0,0,0,0,0,0
1,0,0
0,0,0,0,0,0,0,0,0,0,0,0,0,0,0,0,0,0,0,0,0,0,0,0,0,0,0,0,0,0,0,0,0,0,0,0,0,0,0,0,0,0,0,0,0,0,0,0,0,0,0,0,0,0,0,0,0,0,0,0,0,0,0,0,0,0,0,0,0,0,0,0,0,0,0,0,0,0,0,0,0,0,0,0,0,0,0,0,0,0,0,0,0,0,0,0,0,0,0,0
1,1,0
0,0,0,0,0,0,0,0,0,0,0,0,0,0,0,0,0,0,0,0,0,0,0,0,0,0,0,0,0,0,0,0,0,0,0,0,0,0,0,0,0,0,0,0,0,0,0,0,0,0,0,0,0,0,0,0,0,0,0,0,0,0,0,0,0,0,0,0,0,0,0,0,0,0,0,0,0,0,0,0,0,0,0,0,0,0,0,0,0,0,0,0,0,0,0,0,0,0,0,0
1,2,0
0.000684726,0.00143878,0.00284561,0.00704076,0.0151457,0.0276081,0.0399811,0.0470641,0.0483871,0.0470667,0.0446591,0.0408331,0.0362326,0.0350163,0.037385,0.0396202,0.0421539,0.045075,0.0478509,0.0498816,0.0511927,0.0522799,0.0533381,0.0541867,0.0548795,0.0553142,0.0553293,0.0555053,0.0557751,0.0584074,0.0612252,0.0627318,0.0625934,0.0613651,0.0600453,0.059373,0.0598352,0.0610222,0.0621796,0.0629615,0.0636428,0.0646021,0.0660826,0.0680647,0.069931,0.0706173,0.06948,0.0666382,0.0627107,0.0587743,0.0560946,0.0530555,0.0497509,0.0466694,0.0445593,0.0437886,0.0442336,0.0455788,0.0470569,0.0476786,0.0479972,0.0468513,0.0447751,0.0420561,0.039975,0.0408154,0.041847,0.0417343,0.0407161,0.0389443,0.0370008,0.035913,0.0360109,0.0369228,0.0377082,0.0379335,0.0375971,0.0360745,0.0340547,0.0330436,0.0324231,0.0319742,0.0325865,0.0335236,0.0342928,0.0344451,0.03339,0.031079,0.0275193,0.0228973,0.0177949,0.0131629,0.00970536,0.00746203,0.0059832,0.00487703,0.00385799,0.00285689,0.00192259,0.00113367
1,3,0
0.0011814,0.00187912,0.00304562,0.00552036,0.0101272,0.019012,0.033322,0.0518225,0.0711294,0.0880777,0.10148,0.111795,0.119777,0.125225,0.125526,0.121661,0.115916,0.111771,0.110703,0.112025,0.114349,0.117025,0.119699,0.122302,0.125399,0.130888,0.135405,0.138253,0.139833,0.140762,0.141408,0.14198,0.142358,0.142558,0.142823,0.143353,0.144125,0.14487,0.145189,0.145001,0.144389,0.143552,0.142644,0.141882,0.141509,0.141526,0.1419,0.142108,0.141498,0.139088,0.134391,0.128431,0.123209,0.119872,0.11824,0.117069,0.114903,0.110897,0.104851,0.0978126,0.100805,0.102597,0.102462,0.101825,0.10175,0.102174,0.10276,0.103019,0.102515,0.100858,0.0973339,0.090667,0.0812003,0.0703234,0.06621,0.0668848,0.0722429,0.0787239,0.0823898,0.0812523,0.0762837,0.0690602,0.0603796,0.0513667,0.04518,0.0410362,0.0386397,0.0379248,0.0374432,0.0378334,0.0389164,0.0403551,0.0412211,0.0394675,0.0359848,0.0296847,0.0213075,0.013143,0.00695371,0.00309336
2,0,0
0,0,0,0,0,0,0,0,0,0,0,0,0,0,0,0,0,0,0,0,0,0,0,0,0,0,0,0,0,0,0,0,0,0,0,0,0,0,0,0,0,0,0,0,0,0,0,0,0,0,0,0,0,0,0,0,0,0,0,0,0,0,0,0,0,0,0,0,0,0,0,0,0,0,0,0,0,0,0,0,0,0,0,0,0,0,0,0,0,0,0,0,0,0,0,0,0,0,0,0
2,1,0
0.00063381,0.00111831,0.00166806,0.00218325,0.00263383,0.00354394,0.00596044,0.0118715,0.02171,0.0327988,0.0413683,0.0457156,0.0471337,0.0476611,0.0480076,0.0485294,0.0491629,0.0502291,0.051876,0.053522,0.0544713,0.0544161,0.0536029,0.0526212,0.0513737,0.0499612,0.0483815,0.0468976,0.0465755,0.0470951,0.0480067,0.0494863,0.0508887,0.0519925,0.0525594,0.0525171,0.0518901,0.0509766,0.0501552,0.0514762,0.0530764,0.0541395,0.0543837,0.0538326,0.0524636,0.0507225,0.0491344,0.0478926,0.0467876,0.0451498,0.04249,0.0384849,0.0334467,0.0286929,0.0251313,0.0230383,0.0220309,0.0217001,0.0220984,0.0235271,0.0264514,0.030612,0.0350708,0.0392562,0.0431208,0.047366,0.0522506,0.0570558,0.060491,0.0618644,0.0620783,0.0609752,0.0587441,0.0559717,0.0519063,0.0471344,0.0413067,0.0392214,0.039633,0.0448228,0.0527999,0.0595979,0.0625439,0.0621232,0.059207,0.0598824,0.0610419,0.0587402,0.0544542,0.052131,0.0497771,0.0462606,0.0409545,0.0337639,0.0256346,0.0174516,0.0107606,0.00617184,0.00332135,0.00165494
2,2,0
0,0,0,0,0,0,0,0,0,0,0,0,0,0,0,0,0,0,0,0,0,0,0,0,0,0,0,0,0,0,0,0,0,0,0,0,0,0,0,0,0,0,0,0,0,0,0,0,0,0,0,0,0,0,0,0,0,0,0,0,0,0,0,0,0,0,0,0,0,0,0,0,0,0,0,0,0,0,0,0,0,0,0,0,0,0,0,0,0,0,0,0,0,0,0,0,0,0,0,0
2,3,0
0,0,0,0,0,0,0,0,0,0,0,0,0,0,0,0,0,0,0,0,0,0,0,0,0,0,0,0,0,0,0,0,0,0,0,0,0,0,0,0,0,0,0,0,0,0,0,0,0,0,0,0,0,0,0,0,0,0,0,0,0,0,0,0,0,0,0,0,0,0,0,0,0,0,0,0,0,0,0,0,0,0,0,0,0,0,0,0,0,0,0,0,0,0,0,0,0,0,0,0
3,0,0
0,0,0,0,0,0,0,0,0,0,0,0,0,0,0,0,0,0,0,0,0,0,0,0,0,0,0,0,0,0,0,0,0,0,0,0,0,0,0,0,0,0,0,0,0,0,0,0,0,0,0,0,0,0,0,0,0,0,0,0,0,0,0,0,0,0,0,0,0,0,0,0,0,0,0,0,0,0,0,0,0,0,0,0,0,0,0,0,0,0,0,0,0,0,0,0,0,0,0,0
3,1,0
0,0,0,0,0,0,0,0,0,0,0,0,0,0,0,0,0,0,0,0,0,0,0,0,0,0,0,0,0,0,0,0,0,0,0,0,0,0,0,0,0,0,0,0,0,0,0,0,0,0,0,0,0,0,0,0,0,0,0,0,0,0,0,0,0,0,0,0,0,0,0,0,0,0,0,0,0,0,0,0,0,0,0,0,0,0,0,0,0,0,0,0,0,0,0,0,0,0,0,0
3,2,0
0,0,0,0,0,0,0,0,0,0,0,0,0,0,0,0,0,0,0,0,0,0,0,0,0,0,0,0,0,0,0,0,0,0,0,0,0,0,0,0,0,0,0,0,0,0,0,0,0,0,0,0,0,0,0,0,0,0,0,0,0,0,0,0,0,0,0,0,0,0,0,0,0,0,0,0,0,0,0,0,0,0,0,0,0,0,0,0,0,0,0,0,0,0,0,0,0,0,0,0
3,3,0
0,0,0,0,0,0,0,0,0,0,0,0,0,0,0,0,0,0,0,0,0,0,0,0,0,0,0,0,0,0,0,0,0,0,0,0,0,0,0,0,0,0,0,0,0,0,0,0,0,0,0,0,0,0,0,0,0,0,0,0,0,0,0,0,0,0,0,0,0,0,0,0,0,0,0,0,0,0,0,0,0,0,0,0,0,0,0,0,0,0,0,0,0,0,0,0,0,0,0,0
