Locations,5
Location Intervals,20
Sector Intervals,36
Edge,0,Number,0
0,0,0,0,0,0,0,0,0,0,0,0,0,0,0,0,0,0,0,0,0,0,0,0,0,0,0,0,0,0,0,0,0,0,0,0,0,0,0,0,0,0,0,0,0,0,0,0,0,0,0,0,0,0,0,0,0,0,0,0
Edge,1,Number,0
0.767381,-0.388396,0.510171,0.692682,-0.351882,0.629579,0.62927,-0.298465,0.717592,0.567926,-0.248558,0.784652,0.508265,-0.209096,0.835431,0.450536,-0.181637,0.874085,0.395108,-0.165547,0.903595,0.341817,-0.160224,0.926007,0.291141,-0.164585,0.942417,0.242686,-0.178382,0.953564,0.197068,-0.202179,0.959316,0.15538,-0.237842,0.958795,0.119886,-0.290473,0.949343,0.0947513,-0.370945,0.923808,0.0896632,-0.506498,0.857567,0.125539,-0.749198,0.65034,0.201204,-0.979201,-0.0261402,0.160706,-0.689353,-0.706376,0.0416599,-0.418337,-0.907336,-0.15434,-0.272733,-0.949629
Edge,2,Number,0
-0.0158656,0,0.412685,-0.0158656,0,0.412685,-0.0158656,0,0.412685,-0.0158656,0,0.412685,-0.0158656,0,0.412685,-0.0158656,0,0.412685,-0.0158656,0,0.412685,-0.0158656,0,0.412685,-0.0158656,0,0.412685,-0.0158656,0,0.412685,-0.0158656,0,0.412685,-0.0158656,0,0.412685,-0.0158656,0,0.412685,-0.0158656,0,0.412685,-0.0158656,0,0.412685,-0.0158656,0,0.412685,-0.0158656,0,0.412685,-0.0158656,0,0.412685,-0.0158656,0,0.412685,-0.0158656,0,0.412685
Edge,3,Number,0
-0.147523,0,0.98902,-0.147523,0,0.98902,-0.147523,0,0.98902,-0.147523,0,0.98902,-0.147523,0,0.98902,-0.147523,0,0.98902,-0.147523,0,0.98902,-0.147523,0,0.98902,-0.147523,0,0.98902,-0.147523,0,0.98902,-0.147523,0,0.98902,-0.147523,0,0.98902,-0.147523,0,0.98902,-0.147523,0,0.98902,-0.147523,0,0.98902,-0.147523,0,0.98902,-0.147523,0,0.98902,-0.147523,0,0.98902,-0.147523,0,0.98902,-0.147523,0,0.98902
Edge,4,Number,0
0.739796,-0,0.671929,0.739796,-0,0.671929,0.739796,-0,0.671929,0.739796,-0,0.671929,0.739796,-0,0.671929,0.739796,-0,0.671929,0.739796,-0,0.671929,0.739796,-0,0.671929,0.739796,-0,0.671929,0.739796,-0,0.671929,0.739796,-0,0.671929,0.739796,-0,0.671929,0.739796,-0,0.671929,0.739796,-0,0.671929,0.739796,-0,0.671929,0.739796,-0,0.671929,0.739796,-0,0.671929,0.739796,-0,0.671929,0.739796,-0,0.671929,0.739796,-0,0.671929
Edge,5,Number,0
-0.203489,0,-0.925022,-0.203489,0,-0.925022,-0.203489,0,-0.925022,-0.203489,0,-0.925022,-0.203489,0,-0.925022,-0.203489,0,-0.925022,-0.203489,0,-0.925022,-0.203489,0,-0.925022,-0.203489,0,-0.925022,-0.203489,0,-0.925022,-0.203489,0,-0.925022,-0.203489,0,-0.925022,-0.203489,0,-0.925022,-0.203489,0,-0.925022,-0.203489,0,-0.925022,-0.203489,0,-0.925022,-0.203489,0,-0.925022,-0.203489,0,-0.925022,-0.203489,0,-0.925022,-0.203489,0,-0.925022
Edge,6,Number,0
0,0,0,0,0,0,0,0,0,0,0,0,0,0,0,0,0,0,0,0,0,0,0,0,0,0,0,0,0,0,0,0,0,0,0,0,0,0,0,0,0,0,0,0,0,0,0,0,0,0,0,0,0,0,0,0,0,0,0,0
Edge,7,Number,0
-0.047531,0.0223074,0.998621,0.0309179,0.0549831,0.998008,0.0937246,0.0904262,0.991483,0.147087,0.121899,0.981583,0.194575,0.147665,0.969709,0.237178,0.166162,0.95715,0.276817,0.177995,0.944293,0.314226,0.182954,0.931552,0.350709,0.181663,0.918696,0.387156,0.174089,0.90543,0.424007,0.160077,0.8914,0.461967,0.139175,0.875909,0.500833,0.110792,0.858424,0.540353,0.0736224,0.838211,0.578457,0.0260066,0.815298,0.60993,-0.0349052,0.791687,0.619648,-0.117154,0.776087,0.545855,-0.27204,0.792488,-0.492558,-0.783848,0.378112,-0.796668,-0.255622,-0.547702
Edge,8,Number,0
-0.382728,0,-0.792056,-0.382728,0,-0.792056,-0.382728,0,-0.792056,-0.382728,0,-0.792056,-0.382728,0,-0.792056,-0.382728,0,-0.792056,-0.382728,0,-0.792056,-0.382728,0,-0.792056,-0.382728,0,-0.792056,-0.382728,0,-0.792056,-0.382728,0,-0.792056,-0.382728,0,-0.792056,-0.382728,0,-0.792056,-0.382728,0,-0.792056,-0.382728,0,-0.792056,-0.382728,0,-0.792056,-0.382728,0,-0.792056,-0.382728,0,-0.792056,-0.382728,0,-0.792056,-0.382728,0,-0.792056
Edge,9,Number,0
0.673759,0,-0.511577,0.673759,0,-0.511577,0.673759,0,-0.511577,0.673759,0,-0.511577,0.673759,0,-0.511577,0.673759,0,-0.511577,0.673759,0,-0.511577,0.673759,0,-0.511577,0.673759,0,-0.511577,0.673759,0,-0.511577,0.673759,0,-0.511577,0.673759,0,-0.511577,0.673759,0,-0.511577,0.673759,0,-0.511577,0.673759,0,-0.511577,0.673759,0,-0.511577,0.673759,0,-0.511577,0.673759,0,-0.511577,0.673759,0,-0.511577,0.673759,0,-0.511577
Edge,10,Number,0
0.0158656,0,-0.412685,0.0158656,0,-0.412685,0.0158656,0,-0.412685,0.0158656,0,-0.412685,0.0158656,0,-0.412685,0.0158656,0,-0.412685,0.0158656,0,-0.412685,0.0158656,0,-0.412685,0.0158656,0,-0.412685,0.0158656,0,-0.412685,0.0158656,0,-0.412685,0.0158656,0,-0.412685,0.0158656,0,-0.412685,0.0158656,0,-0.412685,0.0158656,0,-0.412685,0.0158656,0,-0.412685,0.0158656,0,-0.412685,0.0158656,0,-0.412685,0.0158656,0,-0.412685,0.0158656,0,-0.412685
Edge,11,Number,0
0.283187,-0,0.739767,0.283187,-0,0.739767,0.283187,-0,0.739767,0.283187,-0,0.739767,0.283187,-0,0.739767,0.283187,-0,0.739767,0.283187,-0,0.739767,0.283187,-0,0.739767,0.283187,-0,0.739767,0.283187,-0,0.739767,0.283187,-0,0.739767,0.283187,-0,0.739767,0.283187,-0,0.739767,0.283187,-0,0.739767,0.283187,-0,0.739767,0.283187,-0,0.739767,0.283187,-0,0.739767,0.283187,-0,0.739767,0.283187,-0,0.739767,0.283187,-0,0.739767
Edge,12,Number,0
0,0,0,0,0,0,0,0,0,0,0,0,0,0,0,0,0,0,0,0,0,0,0,0,0,0,0,0,0,0,0,0,0,0,0,0,0,0,0,0,0,0,0,0,0,0,0,0,0,0,0,0,0,0,0,0,0,0,0,0
Edge,13,Number,0
-0.281413,-0.36087,0.889145,-0.147222,-0.298325,0.943042,-0.105452,-0.239251,0.965215,-0.0864615,-0.186738,0.978598,-0.076386,-0.139512,0.98727,-0.0704801,-0.095595,0.992922,-0.0669204,-0.053969,0.996298,-0.0647545,-0.0132026,0.997814,-0.0634468,0.0269185,0.997622,-0.0627477,0.0667912,0.995792,-0.0624092,0.10716,0.992281,-0.0622246,0.147711,0.987071,-0.0620837,0.188556,0.980098,-0.0617808,0.229633,0.971314,-0.0610807,0.270518,0.960775,-0.0595269,0.310498,0.948708,-0.056173,0.347443,0.936017,-0.0480991,0.378066,0.924528,-0.0177822,0.39539,0.918341,0.345732,-0.364254,-0.864747
Edge,14,Number,0
0.561546,-0.702819,0.436705,0.433832,-0.730784,0.527014,0.34024,-0.741906,0.577765,0.272034,-0.740862,0.614102,0.221231,-0.732355,0.643982,0.181736,-0.718951,0.670881,0.149645,-0.702059,0.696218,0.122779,-0.682115,0.720863,0.0994962,-0.659579,0.745021,0.0783356,-0.63433,0.769083,0.0587914,-0.606431,0.792959,0.0402375,-0.575713,0.816661,0.0221737,-0.541967,0.840107,0.00434548,-0.505044,0.863083,-0.0133837,-0.464807,0.885311,-0.0308677,-0.421922,0.906107,-0.0477977,-0.37743,0.924804,-0.064136,-0.334635,0.940163,0.065455,0.300532,-0.951523,0.0676267,0.3217,-0.944423
Edge,15,Number,0
0.147523,0,-0.98902,0.147523,0,-0.98902,0.147523,0,-0.98902,0.147523,0,-0.98902,0.147523,0,-0.98902,0.147523,0,-0.98902,0.147523,0,-0.98902,0.147523,0,-0.98902,0.147523,0,-0.98902,0.147523,0,-0.98902,0.147523,0,-0.98902,0.147523,0,-0.98902,0.147523,0,-0.98902,0.147523,0,-0.98902,0.147523,0,-0.98902,0.147523,0,-0.98902,0.147523,0,-0.98902,0.147523,0,-0.98902,0.147523,0,-0.98902,0.147523,0,-0.98902
Edge,16,Number,0
0.382728,-0,0.792056,0.382728,-0,0.792056,0.382728,-0,0.792056,0.382728,-0,0.792056,0.382728,-0,0.792056,0.382728,-0,0.792056,0.382728,-0,0.792056,0.382728,-0,0.792056,0.382728,-0,0.792056,0.382728,-0,0.792056,0.382728,-0,0.792056,0.382728,-0,0.792056,0.382728,-0,0.792056,0.382728,-0,0.792056,0.382728,-0,0.792056,0.382728,-0,0.792056,0.382728,-0,0.792056,0.382728,-0,0.792056,0.382728,-0,0.792056,0.382728,-0,0.792056
Edge,17,Number,0
-0.712302,0.277973,0.644481,-0.64215,0.250685,0.724431,-0.556285,0.230571,0.798363,-0.459046,0.212465,0.862633,-0.352683,0.194315,0.915345,-0.243759,0.174677,0.953976,-0.137748,0.153072,0.978568,-0.040328,0.129707,0.990732,0.0458012,0.104955,0.993422,0.119278,0.0791179,0.989704,0.178246,0.0522544,0.982598,0.22384,0.0242045,0.974325,0.255573,-0.00525891,0.966775,0.272885,-0.036581,0.961351,0.274452,-0.0703465,0.959024,0.256832,-0.107135,0.9605,0.213587,-0.146984,0.965804,0.132916,-0.188182,0.973099,-0.00533631,-0.222696,0.974873,-0.224935,-0.229341,0.946999
Edge,18,Number,0
0,0,0,0,0,0,0,0,0,0,0,0,0,0,0,0,0,0,0,0,0,0,0,0,0,0,0,0,0,0,0,0,0,0,0,0,0,0,0,0,0,0,0,0,0,0,0,0,0,0,0,0,0,0,0,0,0,0,0,0
Edge,19,Number,0
0.960302,-0,0.276511,0.960302,-0,0.276511,0.960302,-0,0.276511,0.960302,-0,0.276511,0.960302,-0,0.276511,0.960302,-0,0.276511,0.960302,-0,0.276511,0.960302,-0,0.276511,0.960302,-0,0.276511,0.960302,-0,0.276511,0.960302,-0,0.276511,0.960302,-0,0.276511,0.960302,-0,0.276511,0.960302,-0,0.276511,0.960302,-0,0.276511,0.960302,-0,0.276511,0.960302,-0,0.276511,0.960302,-0,0.276511,0.960302,-0,0.276511,0.960302,-0,0.276511
Edge,20,Number,0
-0.739796,0,-0.671929,-0.739796,0,-0.671929,-0.739796,0,-0.671929,-0.739796,0,-0.671929,-0.739796,0,-0.671929,-0.739796,0,-0.671929,-0.739796,0,-0.671929,-0.739796,0,-0.671929,-0.739796,0,-0.671929,-0.739796,0,-0.671929,-0.739796,0,-0.671929,-0.739796,0,-0.671929,-0.739796,0,-0.671929,-0.739796,0,-0.671929,-0.739796,0,-0.671929,-0.739796,0,-0.671929,-0.739796,0,-0.671929,-0.739796,0,-0.671929,-0.739796,0,-0.671929,-0.739796,0,-0.671929
Edge,21,Number,0
-0.673759,0,0.511577,-0.673759,0,0.511577,-0.673759,0,0.511577,-0.673759,0,0.511577,-0.673759,0,0.511577,-0.673759,0,0.511577,-0.673759,0,0.511577,-0.673759,0,0.511577,-0.673759,0,0.511577,-0.673759,0,0.511577,-0.673759,0,0.511577,-0.673759,0,0.511577,-0.673759,0,0.511577,-0.673759,0,0.511577,-0.673759,0,0.511577,-0.673759,0,0.511577,-0.673759,0,0.511577,-0.673759,0,0.511577,-0.673759,0,0.511577,-0.673759,0,0.511577
Edge,22,Number,0
-0.613358,0,-0.213796,-0.613358,0,-0.213796,-0.613358,0,-0.213796,-0.613358,0,-0.213796,-0.613358,0,-0.213796,-0.613358,0,-0.213796,-0.613358,0,-0.213796,-0.613358,0,-0.213796,-0.613358,0,-0.213796,-0.613358,0,-0.213796,-0.613358,0,-0.213796,-0.613358,0,-0.213796,-0.613358,0,-0.213796,-0.613358,0,-0.213796,-0.613358,0,-0.213796,-0.613358,0,-0.213796,-0.613358,0,-0.213796,-0.613358,0,-0.213796,-0.613358,0,-0.213796,-0.613358,0,-0.213796
Edge,23,Number,0
-0.960302,0,-0.276511,-0.960302,0,-0.276511,-0.960302,0,-0.276511,-0.960302,0,-0.276511,-0.960302,0,-0.276511,-0.960302,0,-0.276511,-0.960302,0,-0.276511,-0.960302,0,-0.276511,-0.960302,0,-0.276511,-0.960302,0,-0.276511,-0.960302,0,-0.276511,-0.960302,0,-0.276511,-0.960302,0,-0.276511,-0.960302,0,-0.276511,-0.960302,0,-0.276511,-0.960302,0,-0.276511,-0.960302,0,-0.276511,-0.960302,0,-0.276511,-0.960302,0,-0.276511,-0.960302,0,-0.276511
Edge,24,Number,0
0,0,0,0,0,0,0,0,0,0,0,0,0,0,0,0,0,0,0,0,0,0,0,0,0,0,0,0,0,0,0,0,0,0,0,0,0,0,0,0,0,0,0,0,0,0,0,0,0,0,0,0,0,0,0,0,0,0,0,0
