0,0,-1,-1,0,-1,0.111147,0.432247,-0.227727,1.7695
1,0,-1,-1,0,-1,0.111088,0.431734,-0.227283,1.7711
2,0,-1,-1,0,-1,0.111274,0.431483,-0.227006,1.77136
3,0,-1,-1,0,-1,0.111062,0.431015,-0.227071,1.77183
4,0,-1,-1,0,-1,0.11115,0.43192,-0.227122,1.77143
5,0,-1,-1,0,-1,0.110985,0.431239,-0.226793,1.77301
6,0,-1,-1,0,-1,0.110813,0.430756,-0.226629,1.77409
7,0,-1,-1,0,-1,0.110829,0.431337,-0.226797,1.77353
8,0,-1,-1,0,-1,0.110628,0.430702,-0.226739,1.77436
9,0,-1,-1,0,-1,0.110676,0.431425,-0.226953,1.77355
10,0,-1,-1,0,-1,0.110566,0.431536,-0.227189,1.77317
11,0,-1,-1,0,-1,0.110436,0.432203,-0.227373,1.77306
12,0,-1,-1,0,-1,0.110264,0.431353,-0.227101,1.77447
13,0,-1,-1,0,-1,0.110083,0.432368,-0.227362,1.77431
14,0,-1,-1,0,-1,0.109883,0.432199,-0.227464,1.77465
15,0,-1,-1,0,-1,0.109872,0.431904,-0.22739,1.7749
16,0,-1,-1,0,-1,0.109704,0.431575,-0.227412,1.77538
17,0,-1,-1,0,-1,0.10938,0.431883,-0.227725,1.77548
18,0,-1,-1,0,-1,0.109645,0.431833,-0.227485,1.77536
19,0,-1,-1,0,-1,0.109617,0.430595,-0.226952,1.77709
20,0,-1,-1,0,-1,0.109746,0.430734,-0.226969,1.77661
21,0,-1,-1,0,-1,0.109949,0.430266,-0.226712,1.77672
22,0,-1,-1,0,-1,0.110154,0.429505,-0.226381,1.77705
23,0,-1,-1,0,-1,0.110079,0.428213,-0.226069,1.77822
24,0,-1,-1,0,-1,0.110172,0.428869,-0.226468,1.77666
25,0,-1,-1,0,-1,0.110016,0.428805,-0.226572,1.77684
26,0,-1,-1,0,-1,0.109894,0.429022,-0.226732,1.77675
27,0,-1,-1,0,-1,0.109937,0.428929,-0.226416,1.77763
28,0,-1,-1,0,-1,0.109745,0.429474,-0.226601,1.77772
29,0,-1,-1,0,-1,0.109375,0.429423,-0.226446,1.77948
30,0,-1,-1,0,-1,0.109236,0.429658,-0.226349,1.78028
31,0,-1,-1,0,-1,0.109321,0.429622,-0.226225,1.78039
32,0,-1,-1,0,-1,0.109153,0.43019,-0.22666,1.77959
33,0,-1,-1,0,-1,0.109446,0.429705,-0.226415,1.77935
34,0,-1,-1,0,-1,0.109488,0.429387,-0.226286,1.77961
35,0,-1,-1,0,-1,0.10965,0.428851,-0.226063,1.77975
36,0,-1,-1,0,-1,0.109546,0.428676,-0.225979,1.78036
37,0,-1,-1,0,-1,0.109524,0.428794,-0.22606,1.78018
38,0,-1,-1,0,-1,0.109353,0.429815,-0.226303,1.78004
39,0,-1,-1,0,-1,0.10945,0.430055,-0.2262,1.78007
40,0,-1,-1,0,-1,0.109507,0.430272,-0.226334,1.77946
41,0,-1,-1,0,-1,0.1114,0.429361,-0.225701,1.77501
42,0,-1,-1,0,-1,0.113054,0.427965,-0.224887,1.77193
43,0,-1,-1,0,-1,0.114683,0.426248,-0.224244,1.76835
44,0,-1,-1,0,-1,0.115999,0.425432,-0.224019,1.76455
45,0,-1,-1,0,-1,0.117731,0.425054,-0.223633,1.75989
46,0,-1,-1,0,-1,0.117689,0.424789,-0.223671,1.75989
47,0,-1,-1,0,-1,0.117924,0.425066,-0.22368,1.75908
48,0,-1,-1,0,-1,0.117766,0.425077,-0.223744,1.75941
49,0,-1,-1,0,-1,0.118253,0.424606,-0.223295,1.75918
50,0,-1,-1,0,-1,0.117891,0.424041,-0.223448,1.75987
51,0,-1,-1,0,-1,0.117943,0.424161,-0.223356,1.76
52,0,-1,-1,0,-1,0.117754,0.424062,-0.223424,1.76042
53,0,-1,-1,0,-1,0.117834,0.423986,-0.223394,1.76024
54,0,-1,-1,0,-1,0.117717,0.423778,-0.223487,1.76032
55,0,-1,-1,0,-1,0.117953,0.423461,-0.223138,1.76062
56,0,-1,-1,0,-1,0.117968,0.422903,-0.223094,1.76068
57,0,-1,-1,0,-1,0.117874,0.423038,-0.223178,1.76073
58,3,0,0,0,0,0.117923,0.423049,-0.223035,1.76103
59,1,0,0,0,0,0.117784,0.423254,-0.223173,1.76107
60,1,0,0,0,0,0.11765,0.42325,-0.223214,1.76139
61,1,0,0,0,0,0.117528,0.423699,-0.223267,1.76167
62,1,0,0,0,0,0.117744,0.42345,-0.222974,1.76187
63,1,0,0,0,0,0.117692,0.423608,-0.223102,1.76164
64,1,0,0,0,0,0.117517,0.423595,-0.223205,1.7619
65,1,0,0,0,0,0.117551,0.423712,-0.223183,1.76187
66,1,0,0,0,0,0.117574,0.423994,-0.223414,1.76106
67,1,0,0,0,0,0.117426,0.423952,-0.223543,1.76114
68,1,0,0,0,0,0.117535,0.423947,-0.223515,1.76086
69,1,0,0,0,0,0.117754,0.423726,-0.223321,1.76073
70,1,0,0,0,0,0.117597,0.423611,-0.223351,1.76115
71,1,0,0,0,0,0.117517,0.423438,-0.223268,1.76168
72,1,0,0,0,0,0.117491,0.423524,-0.223349,1.76151
73,1,0,0,0,0,0.117192,0.42376,-0.223542,1.76192
74,1,0,0,0,0,0.11716,0.423574,-0.223507,1.76213
75,1,0,0,0,0,0.117153,0.42394,-0.223565,1.762
76,1,0,0,0,0,0.117187,0.423883,-0.22345,1.76225
77,1,0,0,0,0,0.117137,0.423869,-0.223441,1.76245
78,1,0,0,0.00153081,0,0.116969,0.423007,-0.223292,1.76344
79,1,0,0,0.00258937,0,0.116765,0.422926,-0.223052,1.7649
80,1,0,0,0.00210997,0,0.116724,0.422943,-0.223062,1.76501
81,1,0,0,0.0015662,0,0.116616,0.423471,-0.22314,1.76516
82,1,0,0,0.00225575,0,0.116412,0.422932,-0.222957,1.76641
83,1,0,0,0,0,0.116842,0.423231,-0.22285,1.76532
84,1,0,0,0,0,0.116871,0.423583,-0.22306,1.76457
85,1,0,0,0,0,0.116632,0.422842,-0.222931,1.76574
86,1,0,0,0.00114025,0,0.116408,0.422434,-0.222993,1.76628
87,1,0,0,0,0,0.116512,0.422755,-0.223097,1.76561
88,1,0,0,0.0012392,0,0.116023,0.423096,-0.22328,1.7667
89,1,0,0,0.00142125,0,0.115764,0.422935,-0.223405,1.76716
90,1,0,0,0,0,0.115717,0.423134,-0.223611,1.76667
91,1,0,0,0.00140555,0,0.115041,0.423741,-0.224381,1.76651
92,1,0,0,0.00193991,0,0.114504,0.424324,-0.22505,1.7662
93,1,0,0,0.00253758,0,0.114957,0.424494,-0.225066,1.76463
94,1,0,0,0.00537216,0,0.117138,0.423378,-0.223909,1.76089
95,1,0,0,0.0093821,0,0.121287,0.421077,-0.220784,1.75677
96,1,0,0,0.0158719,0,0.127784,0.418749,-0.216017,1.74999
97,1,0,0,0.0234137,0,0.136574,0.414184,-0.209162,1.74204
98,1,0,4,0.0310827,2,0.147122,0.408871,-0.201014,1.73226
99,1,0,4,0.0368994,2,0.159122,0.403753,-0.191245,1.72283
100,1,0,4,0.0429265,2,0.172634,0.398644,-0.180706,1.71076
101,1,0,4,0.0475269,2,0.186805,0.389703,-0.168676,1.70101
102,1,0,4,0.0504788,2,0.200992,0.380153,-0.156363,1.69207
103,1,0,4,0.053815,2,0.21591,0.368661,-0.143187,1.68332
104,1,0,4,0.0573442,2,0.230848,0.355895,-0.13037,1.67324
105,1,0,4,0.0597727,2,0.244732,0.340935,-0.117933,1.66534
106,1,0,4,0.0619866,2,0.257468,0.323944,-0.1065,1.65794
107,1,0,4,0.0633766,2,0.270081,0.308023,-0.0959857,1.64805
108,1,0,4,0.0636327,2,0.280851,0.291115,-0.0871117,1.63903
109,1,0,4,0.0643162,2,0.28931,0.271064,-0.0796023,1.63319
110,1,0,4,0.0646317,2,0.295692,0.250688,-0.074387,1.62695
111,1,0,4,0.0642059,2,0.30061,0.23078,-0.0707072,1.62073
112,1,0,4,0.0644069,2,0.303489,0.209797,-0.0687679,1.6157
113,1,0,4,0.0646366,2,0.30491,0.188436,-0.068024,1.61173
114,1,0,4,0.0632383,2,0.304459,0.16853,-0.0692617,1.60778
115,1,0,4,0.0614957,2,0.301582,0.149086,-0.0723515,1.6061
116,1,0,4,0.0607994,2,0.296544,0.129254,-0.0770695,1.60645
117,1,0,4,0.0613653,2,0.28912,0.10893,-0.0835331,1.60921
118,1,0,4,0.0608642,2,0.279705,0.0908417,-0.0920444,1.61224
119,1,0,4,0.0616625,2,0.268132,0.0729728,-0.10209,1.61765
120,1,0,4,0.063778,2,0.255347,0.0544933,-0.112838,1.62484
121,1,0,4,0.0647197,2,0.241916,0.0373843,-0.124084,1.63272
122,1,0,4,0.06465,2,0.227208,0.022074,-0.136706,1.6406
123,1,0,4,0.0663835,2,0.211408,0.00611775,-0.14954,1.65145
124,1,0,4,0.0631338,2,0.195841,-0.00490261,-0.163489,1.65826
125,1,0,4,0.0602135,2,0.180302,-0.014643,-0.176853,1.66695
126,1,0,4,0.0577506,2,0.164586,-0.0229761,-0.190244,1.67628
127,1,0,4,0.0545143,2,0.149608,-0.0291065,-0.202949,1.68547
128,1,0,4,0.0506986,2,0.135253,-0.0332007,-0.215466,1.69331
129,1,0,4,0.0510588,2,0.121534,-0.0406135,-0.225498,1.70682
130,1,0,4,0.0477536,2,0.109833,-0.0453185,-0.23476,1.71617
131,1,0,4,0.0436746,2,0.0992179,-0.0484735,-0.243209,1.72458
132,1,0,4,0.0397234,2,0.0895238,-0.0514146,-0.250931,1.73224
133,1,4,4,0.0344037,2,0.081443,-0.0532553,-0.257659,1.73772
134,1,4,4,0.0275062,2,0.0753108,-0.0539716,-0.26324,1.74038
135,1,4,4,0.0225538,2,0.0694407,-0.0538201,-0.268878,1.74203
136,1,4,4,0.0182029,2,0.0648846,-0.05336,-0.273553,1.74237
137,1,4,4,0.0149011,2,0.0612341,-0.0540508,-0.276965,1.74365
138,1,4,4,0.0123109,2,0.0582633,-0.0551749,-0.279362,1.74588
139,1,4,4,0.0104059,2,0.055552,-0.0554461,-0.281846,1.74701
140,1,4,4,0.00905899,2,0.053665,-0.0570953,-0.283072,1.74932
141,1,4,4,0.00764139,2,0.052614,-0.0583726,-0.283762,1.75056
142,1,4,4,0.00660036,2,0.0518532,-0.0594146,-0.284078,1.75204
143,1,4,4,0.00579867,2,0.0516315,-0.0608501,-0.283947,1.75311
144,1,4,4,0.0059506,2,0.0513423,-0.0626073,-0.283809,1.75442
145,1,4,4,0.00756589,2,0.0509916,-0.0650187,-0.283259,1.75722
146,1,4,4,0.00940597,2,0.0499754,-0.0675801,-0.283282,1.76041
147,1,4,4,0.0104034,2,0.0496309,-0.0705687,-0.282891,1.76263
148,1,4,4,0.00934109,2,0.0488497,-0.0720552,-0.283244,1.76403
149,1,4,4,0.00595479,2,0.0480985,-0.0718385,-0.284103,1.76381
150,1,4,4,0.0023267,2,0.0473948,-0.069529,-0.28566,1.76132
151,1,4,4,0.00778691,2,0.0471667,-0.0657308,-0.287264,1.75716
152,1,4,4,0.0147105,2,0.0467291,-0.0599209,-0.289399,1.75214
153,1,4,4,0.0199168,2,0.046425,-0.0536512,-0.29149,1.74684
154,1,4,4,0.0218444,2,0.0462465,-0.0478057,-0.293049,1.74281
155,1,4,4,0.0235618,2,0.0465663,-0.0412314,-0.294398,1.73782
156,1,4,4,0.0213144,2,0.0469402,-0.0363755,-0.294843,1.73546
157,1,4,4,0.0175831,2,0.0471283,-0.0325634,-0.29501,1.73456
158,1,4,4,0.0117397,2,0.0474478,-0.0310998,-0.294235,1.7361
159,1,4,4,0.00751522,2,0.0477887,-0.0303533,-0.293441,1.73757
160,1,4,4,0.00584952,2,0.0479201,-0.0318566,-0.292176,1.74112
161,1,4,4,0.00739356,2,0.04828,-0.0329681,-0.290976,1.74372
162,1,4,4,0.0113404,2,0.0488762,-0.0364204,-0.288939,1.74805
163,1,4,4,0.0155413,2,0.0491743,-0.0404551,-0.28681,1.75366
164,1,4,4,0.019433,2,0.0496013,-0.0455074,-0.284424,1.75959
165,1,4,4,0.0212455,2,0.0497063,-0.0504114,-0.282565,1.76491
166,1,4,4,0.0233607,2,0.0496817,-0.0562677,-0.280667,1.77073
167,1,4,4,0.0204204,2,0.049422,-0.0594009,-0.279903,1.77386
168,1,4,4,0.0141552,2,0.0493014,-0.0606842,-0.280004,1.77385
169,1,4,4,0.00718404,2,0.0490538,-0.0600516,-0.280544,1.77299
170,1,4,4,0.00361202,2,0.0489346,-0.0558916,-0.282201,1.76831
171,1,4,4,0.013501,2,0.0485555,-0.0499788,-0.28461,1.76221
172,1,4,4,0.0195193,2,0.0480234,-0.0443076,-0.286998,1.75668
173,1,4,4,0.0234728,2,0.0472393,-0.0380725,-0.289663,1.75115
174,1,4,4,0.0243778,2,0.0462353,-0.0327441,-0.292297,1.74639
175,1,4,4,0.0201211,2,0.0453499,-0.0299417,-0.293886,1.74445
176,1,4,4,0.0143691,2,0.0446322,-0.028578,-0.294845,1.74387
177,1,4,4,0.00875571,2,0.0443234,-0.0284433,-0.295236,1.74366
178,1,4,4,0.0041071,2,0.0448423,-0.0297546,-0.294968,1.74267
179,1,4,4,0.00245163,2,0.0452072,-0.032181,-0.294327,1.74333
180,1,4,4,0.00963289,2,0.0454969,-0.0380117,-0.292432,1.74808
181,1,4,4,0.0156931,2,0.0455987,-0.0439727,-0.290689,1.75296
182,1,4,4,0.0212687,2,0.0457564,-0.0507714,-0.288551,1.75887
183,1,4,4,0.024393,2,0.0454505,-0.0564338,-0.286766,1.76529
184,1,4,4,0.0246836,2,0.0454947,-0.0612572,-0.28494,1.77072
185,1,4,4,0.0167603,2,0.0455684,-0.0615547,-0.284834,1.77079
186,1,4,4,0.00604218,2,0.0454631,-0.0587151,-0.285828,1.76813
187,1,4,4,0.00583858,2,0.045451,-0.0535852,-0.287565,1.7629
188,1,4,4,0.0151531,2,0.0454128,-0.0480171,-0.28954,1.75703
189,1,4,4,0.0222025,2,0.0449081,-0.0415065,-0.292175,1.75066
190,1,4,4,0.0233522,2,0.0444099,-0.0364126,-0.294148,1.74632
191,1,4,4,0.0195174,2,0.0440382,-0.033748,-0.295191,1.74439
192,1,4,4,0.0143104,2,0.0438131,-0.0322987,-0.295805,1.74326
193,1,4,4,0.00733305,2,0.0434992,-0.0326183,-0.295749,1.74449
194,1,4,4,0.00163875,2,0.0437506,-0.0338496,-0.295187,1.74537
195,1,4,4,0.00522811,2,0.0439915,-0.0374866,-0.293969,1.74824
196,1,4,4,0.0139067,2,0.044416,-0.0440519,-0.291584,1.75406
197,1,4,4,0.020899,2,0.0444001,-0.050851,-0.289332,1.76093
198,1,4,4,0.0249824,2,0.0445338,-0.0575071,-0.287129,1.76715
199,1,4,4,0.0270855,2,0.0447099,-0.0639387,-0.284957,1.77313
200,1,4,4,0.0262489,2,0.044808,-0.069299,-0.283167,1.77822
201,1,4,4,0.0189349,2,0.0449653,-0.0706879,-0.282696,1.77911
202,1,4,4,0.0112323,2,0.0450494,-0.0705449,-0.282652,1.77898
203,1,4,4,0,2,0.0447635,-0.0662221,-0.284333,1.77481
204,1,4,4,0.0117138,2,0.0446671,-0.0602772,-0.28646,1.76867
205,1,4,4,0.0216508,2,0.0447832,-0.052606,-0.28888,1.76097
206,1,4,4,0.0282199,2,0.044632,-0.0447976,-0.291669,1.753
207,1,4,4,0.0316903,2,0.0445729,-0.0375319,-0.294322,1.74512
208,1,4,4,0.0270313,2,0.0446503,-0.0340182,-0.295402,1.7416
209,1,4,4,0.0193829,2,0.044644,-0.0326465,-0.29581,1.7404
210,1,4,4,0.0108521,2,0.0442367,-0.0327874,-0.296065,1.74094
211,1,4,4,0,2,0.0438838,-0.0360207,-0.295302,1.74439
212,1,4,4,0.010277,2,0.0436347,-0.0413292,-0.293692,1.75007
213,1,4,4,0.0196015,2,0.0435074,-0.0486655,-0.291418,1.75735
214,1,4,4,0.0253448,2,0.0432761,-0.0555182,-0.289308,1.76449
215,1,4,4,0.0280664,2,0.0434137,-0.062461,-0.287123,1.77061
216,1,4,4,0.0263921,2,0.0436528,-0.0672849,-0.285342,1.77523
217,1,4,4,0.0217786,2,0.0437582,-0.0706633,-0.284341,1.77788
218,1,4,4,0.0137749,2,0.0439821,-0.071046,-0.284117,1.77781
219,1,4,4,0.00713394,2,0.0439277,-0.0706439,-0.284225,1.77768
220,1,4,4,0,2,0.0441449,-0.0678502,-0.284804,1.77526
221,1,4,4,0.0089692,2,0.0441533,-0.0631686,-0.286317,1.77066
222,1,4,4,0.0178135,2,0.0445582,-0.0562881,-0.288242,1.76354
223,1,4,4,0.0222708,2,0.0446172,-0.0501747,-0.290089,1.75779
224,1,4,4,0.0259208,2,0.0447881,-0.0437928,-0.292153,1.75097
225,1,4,4,0.0252629,2,0.0448325,-0.03896,-0.293732,1.74604
226,1,4,4,0.0198246,2,0.0451114,-0.0369417,-0.294149,1.74389
227,1,4,4,0.0114388,2,0.0452321,-0.0372356,-0.293812,1.74455
228,1,4,4,0.00484435,2,0.0453878,-0.038101,-0.293436,1.74518
229,1,4,4,0.00735685,2,0.045247,-0.0435804,-0.2915,1.75155
230,1,4,4,0.0169052,2,0.0450753,-0.0500133,-0.289417,1.75843
231,1,4,4,0.0219271,2,0.0449758,-0.0558574,-0.287593,1.76426
232,1,4,4,0.0246721,2,0.0449233,-0.0618465,-0.28576,1.76995
233,1,4,4,0.0259881,2,0.0449118,-0.0679828,-0.283883,1.77564
234,1,4,4,0.0193929,2,0.0451662,-0.0699762,-0.283297,1.77653
235,1,4,4,0.012131,2,0.0453329,-0.0702554,-0.283145,1.77644
236,1,4,4,0.00673905,2,0.0455308,-0.070294,-0.282901,1.77656
237,1,4,4,0.00179714,2,0.0452962,-0.0689567,-0.283203,1.77647
238,1,4,4,0.00667337,2,0.0454512,-0.0645432,-0.28451,1.77202
239,1,4,4,0.0134387,2,0.0454674,-0.059057,-0.286227,1.76679
240,1,4,4,0.0179123,2,0.0456451,-0.0540488,-0.287791,1.76147
241,1,4,4,0.0209518,2,0.0455503,-0.0489948,-0.289635,1.75618
242,1,4,4,0.0229169,2,0.0456175,-0.0438095,-0.291476,1.75035
243,1,4,4,0.0188876,2,0.0454958,-0.0411702,-0.292295,1.7483
244,1,4,4,0.0138867,2,0.0459349,-0.0400883,-0.292341,1.74673
245,1,4,4,0.00890886,2,0.046294,-0.0398427,-0.292199,1.74599
246,1,4,4,0.00498704,2,0.0465665,-0.0395009,-0.291989,1.74577
247,1,4,4,0.00187887,2,0.0473094,-0.04071,-0.291183,1.74578
248,1,4,4,0.00231451,2,0.0479145,-0.0418788,-0.290532,1.74575
249,1,4,4,0.00321227,2,0.0483348,-0.0430892,-0.289905,1.74627
250,1,4,4,0.00278361,2,0.0485438,-0.0432366,-0.289609,1.74651
251,1,4,4,0.00444573,2,0.0489462,-0.0452091,-0.288711,1.74791
252,1,4,4,0.00353544,2,0.0493671,-0.0456153,-0.288295,1.7478
253,1,4,4,0.00397311,2,0.0499643,-0.04669,-0.287378,1.74867
254,1,4,4,0.00359797,2,0.0504451,-0.047423,-0.286805,1.74885
255,1,4,4,0.00273242,2,0.0512847,-0.0476037,-0.286287,1.74766
256,1,4,4,0.00375666,2,0.0522743,-0.0465144,-0.286202,1.74465
257,1,4,4,0.00355321,2,0.0528187,-0.0466956,-0.28577,1.74419
258,1,4,4,0.00449746,2,0.0532772,-0.0461769,-0.285845,1.74243
259,1,4,4,0.00400995,2,0.0534569,-0.0457331,-0.285883,1.74173
260,1,4,4,0.00234989,2,0.0535315,-0.0459947,-0.285758,1.74186
261,1,4,4,0,2,0.0535061,-0.0465933,-0.285362,1.74319
262,1,4,4,0.00163258,2,0.0538645,-0.0470255,-0.284798,1.74377
263,1,4,4,0.00241687,2,0.0545065,-0.0467589,-0.283949,1.74437
264,1,4,4,0.0035013,2,0.0558532,-0.0465159,-0.282332,1.74506
265,1,4,4,0.00445107,2,0.0577218,-0.045828,-0.280342,1.74522
266,1,4,4,0.00579635,2,0.0604484,-0.0450414,-0.277759,1.7444
267,1,4,4,0.00771202,2,0.0639046,-0.0439939,-0.274765,1.74245
268,1,4,4,0.0101915,2,0.0686722,-0.0457356,-0.27005,1.74143
269,1,4,4,0.0136275,2,0.0745767,-0.0479977,-0.264717,1.73852
270,1,4,4,0.0175013,2,0.0814994,-0.0497444,-0.258947,1.7336
271,1,4,1,0.0217465,0,0.0894384,-0.0505043,-0.252846,1.72637
272,1,4,1,0.0254623,0,0.0982265,-0.0531275,-0.245495,1.72018
273,1,4,1,0.0287376,0,0.107508,-0.0550199,-0.238117,1.71246
274,1,4,1,0.0308262,0,0.116937,-0.0579982,-0.230376,1.70533
275,1,4,1,0.0319717,0,0.126418,-0.0626778,-0.222153,1.69947
276,1,4,1,0.0328864,0,0.135802,-0.0695154,-0.21343,1.6954
277,1,4,1,0.0345094,0,0.145789,-0.0760064,-0.204552,1.68982
278,1,4,1,0.0359491,0,0.155799,-0.0825085,-0.195899,1.68342
279,1,4,1,0.0383065,0,0.166567,-0.0908165,-0.186228,1.67762
280,1,4,1,0.0408402,0,0.17722,-0.101161,-0.176164,1.67334
281,1,4,1,0.0430684,0,0.188271,-0.110897,-0.166492,1.66648
282,1,4,1,0.0451037,0,0.199019,-0.121805,-0.15699,1.66001
283,1,4,1,0.0477116,0,0.210448,-0.134098,-0.1465,1.65433
284,1,4,1,0.0487777,0,0.221711,-0.145303,-0.136619,1.64732
285,1,4,1,0.0511678,0,0.23425,-0.157897,-0.12543,1.64011
286,1,4,1,0.0543393,0,0.247534,-0.172285,-0.112928,1.63451
287,1,4,1,0.0571894,0,0.261191,-0.186749,-0.100495,1.62741
288,1,4,1,0.059393,0,0.274491,-0.201631,-0.0887647,1.61921
289,1,4,1,0.0616213,0,0.28699,-0.218297,-0.0776105,1.61173
290,1,4,1,0.0614898,0,0.297763,-0.233907,-0.0687926,1.60261
291,1,4,1,0.060855,0,0.306381,-0.250963,-0.0617121,1.59506
292,1,4,1,0.0594828,0,0.312954,-0.268827,-0.0558216,1.59055
293,1,4,1,0.0582745,0,0.317432,-0.287574,-0.0513298,1.58854
294,1,4,1,0.0572177,0,0.319718,-0.306347,-0.0489547,1.58711
295,1,4,1,0.0569163,0,0.320545,-0.325299,-0.047828,1.58657
296,1,4,1,0.0566609,0,0.320092,-0.344087,-0.048306,1.58519
297,1,4,1,0.0566152,0,0.318253,-0.362869,-0.0504279,1.58317
298,1,4,1,0.0573718,0,0.313657,-0.382361,-0.0544046,1.58445
299,1,4,1,0.0579083,0,0.307845,-0.401328,-0.0592308,1.58714
300,1,4,1,0.0601525,0,0.298872,-0.421083,-0.0662867,1.59328
301,1,4,1,0.0619905,0,0.28758,-0.439495,-0.075561,1.60019
302,1,4,1,0.0656482,0,0.272914,-0.457689,-0.0870275,1.61147
303,1,4,1,0.0658461,0,0.257451,-0.472782,-0.100527,1.61908
304,1,4,1,0.0678862,0,0.239368,-0.487701,-0.116069,1.62898
305,1,4,1,0.0673826,0,0.220906,-0.499795,-0.132572,1.63725
306,1,4,1,0.066466,0,0.201905,-0.510075,-0.149593,1.6458
307,1,4,1,0.0641028,0,0.183494,-0.518692,-0.166705,1.65217
308,1,4,1,0.0625082,0,0.164834,-0.526517,-0.184029,1.65876
309,1,4,1,0.058247,0,0.148069,-0.531377,-0.200393,1.66224
310,1,4,1,0.0556314,0,0.13117,-0.536325,-0.216608,1.66666
311,1,1,1,0.0528075,0,0.115464,-0.540988,-0.232319,1.66868
312,1,1,1,0.0487162,0,0.101888,-0.544456,-0.246004,1.67012
313,1,1,1,0.0439277,0,0.0901306,-0.547313,-0.257862,1.67137
314,1,1,1,0.0393433,0,0.0798652,-0.549838,-0.268605,1.67118
315,1,1,1,0.0332636,0,0.0726457,-0.551936,-0.276528,1.66984
316,1,1,1,0.0271879,0,0.0663349,-0.553242,-0.282686,1.67119
317,1,1,1,0.022586,0,0.0607326,-0.553828,-0.288465,1.67142
318,1,1,1,0.0178213,0,0.0570323,-0.554095,-0.292418,1.67114
319,1,1,1,0.0130983,0,0.0546511,-0.553841,-0.29476,1.67165
320,1,1,1,0.00956312,0,0.0528496,-0.553017,-0.29643,1.67241
321,1,1,1,0.00635892,0,0.0523721,-0.552218,-0.297155,1.67173
322,1,1,1,0.00311254,0,0.0527488,-0.552247,-0.296733,1.67182
323,1,1,1,0.00163706,0,0.052877,-0.551955,-0.296675,1.6716
324,1,1,1,0.00105772,0,0.0528926,-0.552027,-0.296803,1.67112
325,1,1,1,0.00217977,0,0.0530894,-0.551928,-0.297065,1.66961
326,1,1,1,0.00106229,0,0.0530521,-0.55248,-0.296911,1.67019
327,1,1,1,0.00123357,0,0.0525843,-0.553093,-0.297355,1.6703
328,1,1,1,0.00176966,0,0.0521885,-0.553927,-0.29757,1.67088
329,1,1,1,0.00254169,0,0.0519424,-0.554947,-0.297618,1.67149
330,1,1,1,0.00417484,0,0.0512705,-0.556241,-0.297702,1.67341
331,1,1,1,0.0038357,0,0.050919,-0.55693,-0.297922,1.67384
332,1,1,1,0.00282585,0,0.0508762,-0.557102,-0.297951,1.67388
333,1,1,1,0,0,0.0511645,-0.556742,-0.298007,1.67274
334,1,1,1,0,0,0.0511268,-0.556929,-0.297918,1.67314
335,1,1,1,0,0,0.051327,-0.556857,-0.297792,1.67288
336,1,1,1,0,0,0.0514677,-0.556792,-0.29769,1.67274
337,1,1,1,0,0,0.0515652,-0.556643,-0.297699,1.67238
338,1,1,1,0,0,0.0513983,-0.557268,-0.297553,1.67338
339,1,1,1,0.00120717,0,0.0520427,-0.556864,-0.297391,1.67175
340,1,1,1,0.00259412,0,0.0529952,-0.556299,-0.29688,1.67021
341,1,1,1,0.00454129,0,0.0541352,-0.556116,-0.296462,1.66771
342,2,1,1,0.00542821,0,0.055158,-0.556088,-0.295971,1.66583
343,0,1,1,0,0,0.0560349,-0.555401,-0.295664,1.66389
344,0,1,1,0,0,0.0562305,-0.555592,-0.29565,1.66326
345,0,1,1,0,0,0.0563707,-0.555592,-0.295648,1.66279
346,0,1,1,0,0,0.0563707,-0.555437,-0.295757,1.66245
347,0,1,1,0,0,0.0564994,-0.555411,-0.295642,1.66238
348,0,1,1,0,0,0.0566161,-0.555669,-0.295394,1.66278
349,0,1,1,0,0,0.0567069,-0.555319,-0.295143,1.66331
350,0,1,1,0,0,0.0567831,-0.555677,-0.295187,1.66288
351,0,1,1,0,0,0.0568033,-0.55555,-0.29483,1.66398
352,0,1,1,0,0,0.0565197,-0.555663,-0.294996,1.6644
353,0,1,1,0,0,0.0566168,-0.555411,-0.295351,1.66293
354,0,1,1,0,0,0.0565136,-0.555731,-0.2956,1.66245
355,0,1,1,0,0,0.0562592,-0.555345,-0.295672,1.66311
356,0,1,1,0,0,0.0562094,-0.555622,-0.295988,1.66223
357,0,1,1,0,0,0.0561647,-0.555612,-0.296098,1.66203
358,0,1,1,0,0,0.0556238,-0.556129,-0.296255,1.66332
359,0,1,1,0,0,0.0552961,-0.55637,-0.296448,1.66379
360,0,1,1,0,0,0.055323,-0.556412,-0.296383,1.6639
361,0,1,1,0,0,0.0549582,-0.556188,-0.296478,1.66485
362,0,1,1,0,0,0.0549382,-0.555634,-0.296511,1.66485
363,0,1,1,0,0,0.0551977,-0.555617,-0.296327,1.66457
364,0,1,1,0,0,0.055261,-0.555623,-0.296245,1.66462
365,0,1,1,0,0,0.0551747,-0.555647,-0.296341,1.6646
366,0,1,1,0,0,0.055251,-0.556003,-0.296406,1.6641
367,0,1,1,0,0,0.0554343,-0.555789,-0.296506,1.66317
368,0,1,1,0,0,0.05531,-0.55586,-0.296586,1.66333
369,0,1,1,0,0,0.0552106,-0.555483,-0.296623,1.66357
370,0,1,1,0,0,0.0552119,-0.555484,-0.296651,1.66348
371,0,1,1,0,0,0.0552653,-0.555668,-0.296475,1.66385
372,0,1,1,0,0,0.0550725,-0.555983,-0.296287,1.6651
373,0,1,1,0,0,0.0550986,-0.55564,-0.296125,1.66556
374,0,1,1,0,0,0.0552971,-0.555977,-0.296096,1.66496
375,0,1,1,0,0,0.0555235,-0.55639,-0.296006,1.66445
376,0,1,1,0,0,0.055468,-0.556158,-0.296153,1.66418
377,0,1,1,0,0,0.0555391,-0.556257,-0.296075,1.66418
378,0,1,1,0,0,0.0559433,-0.55594,-0.296202,1.66242
379,0,1,1,0,0,0.0559563,-0.555506,-0.296058,1.66287
380,0,1,1,0,0,0.0559476,-0.555041,-0.296,1.66313
381,0,1,1,0,0,0.0561497,-0.554738,-0.296102,1.66213
382,0,1,1,0,0,0.0565051,-0.554481,-0.296224,1.66054
383,0,1,1,0,0,0.0562432,-0.554646,-0.296014,1.6621
384,0,1,1,0,0,0.0561804,-0.554443,-0.296197,1.66174
385,0,1,1,0,0,0.0561409,-0.554389,-0.296593,1.66059
386,0,1,1,0,0,0.0560953,-0.553776,-0.29661,1.66073
387,0,1,1,0,0,0.0559318,-0.553504,-0.296614,1.6613
388,0,1,1,0,0,0.055777,-0.553933,-0.296886,1.66091
389,0,1,1,0,0,0.0559555,-0.554015,-0.296707,1.66088
390,0,1,1,0,0,0.0560195,-0.55451,-0.296308,1.66192
391,0,1,1,0,0,0.0561747,-0.554674,-0.296089,1.66209
392,0,1,1,0,0,0.0562737,-0.555084,-0.296165,1.66148
393,0,1,1,0,0,0.0563852,-0.55483,-0.295815,1.66225
394,0,1,1,0,0,0.0564601,-0.555281,-0.295731,1.66224
395,0,1,1,0,0,0.0565521,-0.554789,-0.295979,1.66116
396,0,1,1,0,0,0.0567638,-0.555117,-0.29599,1.66038
397,0,1,1,0,0,0.0567083,-0.554817,-0.295885,1.66093
398,0,1,1,0,0,0.0570305,-0.554627,-0.296115,1.6591
399,0,1,1,0,0,0.0571691,-0.554167,-0.296352,1.65789
400,0,1,1,0,0,0.0572901,-0.554265,-0.296194,1.65799
401,0,1,1,0,0,0.0570949,-0.554311,-0.296277,1.65838
402,0,1,1,0,0,0.0572835,-0.554465,-0.296219,1.65792
403,0,1,1,0,0,0.0572457,-0.55407,-0.296173,1.65822
404,0,1,1,0,0,0.0571892,-0.553594,-0.296152,1.65852
405,0,1,1,0,0,0.0569685,-0.553597,-0.296411,1.65843
406,0,1,1,0,0,0.0569085,-0.553088,-0.296334,1.65892
407,0,1,1,0,0,0.0566901,-0.552771,-0.296478,1.65922
408,0,1,1,0,0,0.0563628,-0.553356,-0.296328,1.66077
409,0,1,1,0,0,0.0562784,-0.553359,-0.296364,1.66094
410,0,1,1,0,0,0.0562122,-0.553542,-0.296333,1.66125
411,0,1,1,0,0,0.0562426,-0.553567,-0.296346,1.66111
412,0,1,1,0,0,0.056471,-0.553974,-0.296277,1.66052
413,0,1,1,0,0,0.0567536,-0.553826,-0.296533,1.65874
414,0,1,1,0,0,0.0567941,-0.553826,-0.296534,1.6586
415,0,1,1,0,0,0.0569897,-0.553676,-0.29644,1.65825
416,0,1,1,0,0,0.0569484,-0.553729,-0.296473,1.65828
417,0,1,1,0,0,0.0567513,-0.553171,-0.296533,1.6588
418,0,1,1,0,0,0.0567535,-0.552881,-0.296419,1.65918
419,0,1,1,0,0,0.0568657,-0.553483,-0.296306,1.65912
420,0,1,1,0,0,0.0568603,-0.552913,-0.29628,1.65927
421,0,1,1,0,0,0.0567762,-0.553716,-0.296128,1.65999
422,0,1,1,0,0,0.0566649,-0.554375,-0.295906,1.66104
423,0,1,1,0,0,0.0567629,-0.554261,-0.295956,1.66055
424,0,1,1,0,0,0.0568704,-0.553633,-0.295864,1.66053
425,0,1,1,0,0,0.0570232,-0.553896,-0.295846,1.66005
426,0,1,1,0,0,0.0569592,-0.553487,-0.295792,1.66047
427,0,1,1,0,0,0.0570591,-0.553014,-0.29592,1.65975
428,0,1,1,0,0,0.0567513,-0.553336,-0.295795,1.66118
429,0,1,1,0,0,0.0565646,-0.553315,-0.296021,1.66109
430,0,1,1,0,0,0.0562453,-0.553192,-0.296102,1.66192
431,0,1,1,0,0,0.056158,-0.553295,-0.296196,1.6619
432,0,1,1,0,0,0.0561123,-0.553431,-0.296272,1.6618
433,0,1,1,0,0,0.0563962,-0.553058,-0.296326,1.66069
434,3,1,1,0.0010801,0,0.0558789,-0.553648,-0.296302,1.66248
435,1,1,1,0.00226239,0,0.0557056,-0.554139,-0.296048,1.66386
436,1,1,1,0,0,0.055788,-0.553739,-0.296213,1.66307
437,1,1,1,0.00182011,0,0.0555899,-0.553855,-0.296078,1.66417
438,1,1,1,0.00287252,0,0.0550739,-0.554359,-0.296153,1.66565
439,1,1,1,0.00150429,0,0.0553219,-0.554366,-0.296006,1.66528
440,1,1,1,0,0,0.0553802,-0.55428,-0.296037,1.66499
441,1,1,1,0.00229745,0,0.0552566,-0.554972,-0.29562,1.66671
442,1,1,1,0.0016022,0,0.0551974,-0.555129,-0.295671,1.66674
443,1,1,1,0,0,0.055516,-0.554545,-0.29578,1.66534
444,1,1,1,0,0,0.0554145,-0.554546,-0.295801,1.66562
445,1,1,1,0,0,0.0555316,-0.554321,-0.295774,1.66533
446,1,1,1,0.002126,0,0.0559143,-0.553847,-0.295792,1.664
447,1,1,1,0.00157821,0,0.0558767,-0.553892,-0.295848,1.66394
448,1,1,1,0,0,0.0556488,-0.554369,-0.295654,1.66531
449,1,1,1,0,0,0.05597,-0.554186,-0.295457,1.66487
450,1,1,1,0,0,0.0559183,-0.554248,-0.295429,1.66514
451,1,1,1,0,0,0.0556837,-0.554282,-0.295652,1.66521
452,1,1,1,0,0,0.0561265,-0.55405,-0.295284,1.66492
453,1,1,1,0.00162519,0,0.0563609,-0.553579,-0.295454,1.6636
454,1,1,1,0.00251284,0,0.0565385,-0.55317,-0.295644,1.66241
455,1,1,1,0.0033774,0,0.0565205,-0.552825,-0.296076,1.66109
456,1,1,1,0.00225378,0,0.0564055,-0.552912,-0.296115,1.66135
457,1,1,1,0.00145074,0,0.0563189,-0.552895,-0.2962,1.66137
458,1,1,1,0,0,0.0561165,-0.553234,-0.296091,1.66239
459,1,1,1,0.00214839,0,0.0557822,-0.55377,-0.296015,1.66373
460,1,1,1,0.0032328,0,0.0557782,-0.554113,-0.295613,1.66503
461,1,1,1,0.00210675,0,0.0557633,-0.553903,-0.295705,1.66479
462,1,1,1,0.00130651,0,0.0556137,-0.553936,-0.295884,1.66472
463,1,1,1,0,0,0.0554733,-0.554159,-0.29593,1.66503
464,1,1,1,0,0,0.0553102,-0.554092,-0.296048,1.66521
465,1,1,1,0,0,0.0554664,-0.554044,-0.29601,1.6648
466,1,1,1,0,0,0.0555414,-0.554184,-0.295905,1.66488
467,1,1,1,0,0,0.0555598,-0.554272,-0.295807,1.66513
468,1,1,1,0.00151978,0,0.0560622,-0.553669,-0.295772,1.66358
469,1,1,1,0.00183828,0,0.0562144,-0.553577,-0.295809,1.66294
470,1,1,1,0.00100405,0,0.0560487,-0.553744,-0.295875,1.66328
471,1,1,1,0.00141092,0,0.0561527,-0.553396,-0.29597,1.66265
472,1,1,1,0.00232282,0,0.0565708,-0.552849,-0.295938,1.66137
473,1,1,1,0,0,0.056302,-0.553259,-0.295902,1.66237
474,1,1,1,0,0,0.0563401,-0.553297,-0.295781,1.66263
475,1,1,1,0,0,0.056357,-0.553428,-0.295783,1.66256
476,1,1,1,0,0,0.0562016,-0.553769,-0.295777,1.66308
477,1,1,1,0.00203384,0,0.0558001,-0.554326,-0.295849,1.66417
478,1,1,1,0.0014263,0,0.055667,-0.554339,-0.295985,1.66418
479,1,1,1,0,0,0.0557586,-0.554031,-0.296263,1.66299
480,1,1,1,0.00118637,0,0.0556019,-0.553695,-0.296599,1.66245
481,1,1,1,0,0,0.0553997,-0.553743,-0.296639,1.66301
482,1,1,1,0,0,0.0549929,-0.553967,-0.296847,1.6637
483,1,1,1,0,0,0.0548766,-0.553717,-0.29716,1.66309
484,1,1,1,0,0,0.0544401,-0.554089,-0.297483,1.6635
485,1,1,1,0.00131481,0,0.0540348,-0.554555,-0.298043,1.66303
486,1,1,1,0.0020218,0,0.055179,-0.555093,-0.297286,1.66156
487,1,1,1,0.00513778,0,0.0582276,-0.554803,-0.295072,1.65841
488,1,1,1,0.00883421,0,0.062837,-0.55444,-0.291233,1.65523
489,1,1,1,0.0135572,0,0.069461,-0.553695,-0.285397,1.65173
490,1,1,1,0.0200255,0,0.0793486,-0.552229,-0.27626,1.6479
491,1,1,1,0.0262166,0,0.0903194,-0.549303,-0.266541,1.64239
492,1,1,1,0.0317594,0,0.10236,-0.545514,-0.256019,1.63591
493,1,1,0,0.0365953,0,0.115822,-0.541736,-0.243821,1.63005
494,1,1,0,0.0414947,0,0.130926,-0.536722,-0.230099,1.62364
495,1,1,0,0.0456367,0,0.146408,-0.530079,-0.216447,1.61585
496,1,1,0,0.0488165,0,0.16238,-0.522874,-0.201927,1.60924
497,1,1,0,0.0514224,0,0.178866,-0.515052,-0.186619,1.60349
498,1,1,0,0.0538764,0,0.195766,-0.506126,-0.170955,1.59757
499,1,1,0,0.0552446,0,0.211828,-0.496117,-0.156549,1.5905
500,1,1,0,0.0558143,0,0.22735,-0.48552,-0.142423,1.5844
501,1,1,0,0.0570338,0,0.243194,-0.473743,-0.128131,1.57782
502,1,1,0,0.0589512,0,0.25873,-0.459882,-0.114512,1.57026
503,1,1,0,0.0604096,0,0.272897,-0.444434,-0.102206,1.5632
504,1,1,0,0.0619653,0,0.286469,-0.427633,-0.090036,1.55782
505,1,1,0,0.064117,0,0.298938,-0.408971,-0.0795522,1.55086
506,1,1,0,0.0665285,0,0.309753,-0.388274,-0.0709595,1.54352
507,1,1,0,0.0676247,0,0.318322,-0.366944,-0.0640873,1.53827
508,1,1,0,0.0708051,0,0.326199,-0.343076,-0.0584723,1.53148
509,1,1,0,0.0734392,0,0.331982,-0.317897,-0.0541687,1.52765
510,1,1,0,0.0767544,0,0.336365,-0.290556,-0.0501248,1.52788
511,1,1,0,0.080678,0,0.340061,-0.261891,-0.0469376,1.52777
512,1,1,0,0.0849104,0,0.343068,-0.231873,-0.0438206,1.52987
513,1,1,0,0.0881922,0,0.343108,-0.201845,-0.0417876,1.53853
514,1,1,0,0.0923485,0,0.343016,-0.170082,-0.0402913,1.54603
515,1,1,0,0.0955411,0,0.341821,-0.137846,-0.0399468,1.55357
516,1,1,0,0.0993584,0,0.339556,-0.104204,-0.0402688,1.56269
517,1,1,0,0.103701,0,0.336056,-0.0691489,-0.0413868,1.57352
518,1,1,0,0.10626,0,0.333615,-0.0332163,-0.0429985,1.57921
519,1,1,0,0.108326,0,0.329864,0.00300987,-0.0458904,1.58522
520,1,1,0,0.10925,0,0.326133,0.0387977,-0.0486705,1.59149
521,1,1,0,0.108422,0,0.320192,0.0724018,-0.0522173,1.60263
522,1,1,0,0.107372,0,0.314011,0.106093,-0.056501,1.61219
523,1,1,0,0.105831,0,0.305966,0.137761,-0.0615498,1.62546
524,1,1,0,0.105237,0,0.297929,0.169758,-0.0665545,1.63886
525,1,1,0,0.102947,0,0.288415,0.19892,-0.0727621,1.65317
526,1,1,0,0.10035,0,0.279522,0.227927,-0.0789885,1.6653
527,1,1,0,0.0966546,0,0.270168,0.254883,-0.0856774,1.67734
528,1,1,0,0.0943317,0,0.260792,0.282846,-0.0928871,1.68784
529,1,1,0,0.0893673,0,0.250816,0.306911,-0.100738,1.69802
530,1,1,0,0.0852598,0,0.241623,0.331237,-0.10862,1.70545
531,1,1,0,0.0789179,0,0.230828,0.350625,-0.117611,1.71436
532,1,1,0,0.0722045,0,0.220603,0.368332,-0.126742,1.72075
533,1,1,0,0.0645262,0,0.210896,0.382897,-0.135283,1.72707
534,1,1,0,0.0565815,0,0.200278,0.392686,-0.143847,1.73607
535,1,1,0,0.0506021,0,0.189515,0.4014,-0.1528,1.74421
536,1,1,0,0.045632,0,0.180508,0.41034,-0.160594,1.75017
537,1,0,0,0.0410107,0,0.171445,0.416058,-0.167922,1.75759
538,1,0,0,0.0375457,0,0.162333,0.420121,-0.175153,1.76538
539,1,0,0,0.0339493,0,0.154856,0.425591,-0.181594,1.77027
540,1,0,0,0.0303965,0,0.147893,0.428424,-0.187044,1.77645
541,1,0,0,0.0270795,0,0.141779,0.430285,-0.191717,1.78219
542,1,0,0,0.0237161,0,0.136488,0.432958,-0.196128,1.78604
543,1,0,0,0.0197281,0,0.132259,0.433405,-0.199498,1.7895
544,1,0,0,0.0165807,0,0.128544,0.433098,-0.202372,1.79278
545,1,0,0,0.0134504,0,0.125558,0.433527,-0.204932,1.79464
546,1,0,0,0.0113829,0,0.122492,0.433542,-0.207623,1.79633
547,1,0,0,0.0100446,0,0.119475,0.43506,-0.210659,1.79683
548,1,0,0,0.00959717,0,0.116611,0.436706,-0.213682,1.79687
549,1,0,0,0.00989124,0,0.113882,0.438574,-0.216787,1.7962
550,1,0,0,0.0097289,0,0.111184,0.439046,-0.219776,1.79569
551,1,0,0,0.00942714,0,0.109245,0.439798,-0.222289,1.79418
552,1,0,0,0.00710993,0,0.107795,0.438054,-0.223624,1.79464
553,1,0,0,0.0055746,0,0.107164,0.437977,-0.224529,1.79384
554,1,0,0,0.00350436,0,0.106988,0.437278,-0.224552,1.79431
555,1,0,0,0.00197349,0,0.107361,0.436782,-0.224017,1.79475
556,1,0,0,0.00152616,0,0.107712,0.436705,-0.223527,1.79514
557,1,0,0,0.00197078,0,0.107838,0.436386,-0.223128,1.79598
558,1,0,0,0.00299824,0,0.107778,0.435562,-0.222811,1.79716
559,1,0,0,0.00191117,0,0.107705,0.435591,-0.22294,1.79699
560,1,0,0,0.00185231,0,0.107405,0.435846,-0.22301,1.7978
561,1,0,0,0.00198755,0,0.107098,0.43585,-0.223087,1.7986
562,1,0,0,0.00164071,0,0.107007,0.435716,-0.223073,1.79894
563,1,0,0,0.00137344,0,0.106755,0.436134,-0.223275,1.79917
564,1,0,0,0.00136914,0,0.106723,0.436522,-0.223226,1.79947
565,1,0,0,0.00199388,0,0.106277,0.43628,-0.223288,1.80077
566,1,0,0,0.0019991,0,0.106039,0.436084,-0.223342,1.80138
567,1,0,0,0.00103716,0,0.10616,0.436773,-0.223426,1.80075
568,1,0,0,0.00159018,0,0.105973,0.435831,-0.223275,1.80181
569,1,0,0,0.00140017,0,0.105893,0.435443,-0.223308,1.80194
570,1,0,0,0.00141683,0,0.106088,0.434733,-0.223155,1.80173
571,1,0,0,0,0,0.106354,0.435428,-0.22317,1.80082
572,1,0,0,0,0,0.10589,0.43552,-0.223247,1.80216
573,1,0,0,0,0,0.10588,0.435599,-0.223177,1.80243
574,1,0,0,0.00160755,0,0.105622,0.435781,-0.223162,1.80336
575,1,0,0,0.00176335,0,0.105657,0.437093,-0.223393,1.80259
576,2,0,0,0.00199399,0,0.105363,0.43765,-0.223543,1.80314
577,0,0,0,0,0,0.105479,0.437126,-0.223507,1.80283
578,0,0,0,0,0,0.105469,0.437712,-0.22367,1.80238
579,0,0,0,0,0,0.105839,0.437532,-0.22364,1.8012
580,0,0,0,0,0,0.105894,0.438521,-0.223922,1.80017
581,0,0,0,0,0,0.105911,0.438038,-0.223856,1.80029
582,0,0,0,0,0,0.105936,0.438605,-0.223876,1.80018
583,0,0,0,0,0,0.106053,0.438969,-0.223906,1.79972
584,0,0,0,0,0,0.105884,0.439297,-0.223998,1.80002
585,0,0,0,0,0,0.105883,0.438141,-0.223661,1.80103
586,0,0,0,0,0,0.105916,0.438157,-0.223605,1.8011
587,0,0,0,0,0,0.10576,0.438234,-0.223733,1.80122
588,0,0,0,0,0,0.105669,0.437782,-0.22372,1.80154
589,0,0,0,0,0,0.105516,0.438034,-0.22379,1.80185
590,0,0,0,0,0,0.105573,0.438228,-0.223877,1.80139
591,0,0,0,0,0,0.105642,0.438307,-0.223933,1.80098
592,0,0,0,0,0,0.10568,0.437744,-0.223775,1.80132
593,0,0,0,0,0,0.105921,0.437832,-0.223681,1.80081
594,0,0,0,0,0,0.106038,0.437774,-0.223659,1.80048
595,0,0,0,0,0,0.106046,0.437662,-0.223602,1.80063
596,0,0,0,0,0,0.106179,0.438691,-0.223789,1.79965
597,0,0,0,0,0,0.10627,0.438679,-0.223818,1.79924
598,0,0,0,0,0,0.106187,0.438946,-0.223911,1.79924
599,0,0,0,0,0,0.106149,0.43827,-0.2238,1.79968
600,0,0,0,0,0,0.105746,0.437329,-0.223766,1.80109
601,0,0,0,0,0,0.105394,0.436003,-0.223461,1.80318
602,0,0,0,0,0,0.105358,0.435985,-0.22345,1.80334
603,0,0,0,0,0,0.105218,0.435967,-0.223519,1.80359
604,0,0,0,0,0,0.105283,0.436808,-0.223719,1.80278
605,0,0,0,0,0,0.10555,0.43806,-0.223866,1.80149
606,0,0,0,0,0,0.105679,0.437969,-0.223973,1.8007
607,0,0,0,0,0,0.105798,0.438034,-0.223914,1.80049
608,0,0,0,0,0,0.105707,0.437373,-0.223701,1.80144
609,0,0,0,0,0,0.105751,0.437026,-0.223617,1.80154
610,0,0,0,0,0,0.105759,0.436838,-0.223534,1.80177
611,0,0,0,0,0,0.105853,0.436994,-0.223487,1.80161
612,0,0,0,0,0,0.105696,0.437625,-0.223625,1.80174
613,0,0,0,0,0,0.105789,0.438113,-0.223834,1.80078
614,0,0,0,0,0,0.105708,0.438084,-0.2238,1.80117
615,0,0,0,0,0,0.105655,0.438311,-0.223928,1.80095
616,0,0,0,0,0,0.105542,0.438735,-0.224087,1.80085
617,0,0,0,0,0,0.105699,0.438249,-0.22398,1.80063
618,0,0,0,0,0,0.105892,0.438334,-0.223864,1.80035
619,0,0,0,0,0,0.105749,0.438294,-0.223925,1.80064
620,0,0,0,0,0,0.105868,0.438124,-0.223888,1.80034
621,0,0,0,0,0,0.105793,0.437656,-0.223897,1.80053
622,0,0,0,0,0,0.105507,0.437599,-0.223965,1.80128
623,0,0,0,0,0,0.105292,0.43774,-0.224005,1.80189
624,0,0,0,0,0,0.105255,0.438006,-0.224091,1.80176
625,0,0,0,0,0,0.105167,0.437645,-0.224025,1.80225
626,0,0,0,0,0,0.10521,0.437722,-0.224009,1.80215
627,0,0,0,0,0,0.105475,0.437048,-0.223854,1.80171
628,0,0,0,0,0,0.105394,0.436995,-0.223973,1.80159
629,0,0,0,0,0,0.10547,0.437372,-0.223959,1.80141
630,0,0,0,0,0,0.105341,0.437508,-0.224019,1.80166
631,0,0,0,0,0,0.10551,0.4377,-0.223905,1.80147
632,0,0,0,0,0,0.105274,0.438109,-0.224057,1.80181
633,0,0,0,0,0,0.105318,0.436569,-0.223646,1.80288
634,0,0,0,0,0,0.105298,0.436297,-0.223693,1.80278
635,0,0,0,0,0,0.105219,0.436111,-0.223542,1.80352
636,0,0,0,0,0,0.105204,0.436392,-0.223583,1.80346
637,0,0,0,0,0,0.105443,0.436062,-0.223468,1.803
638,0,0,0,0,0,0.105639,0.438017,-0.223997,1.80076
639,0,0,0,0,0,0.105605,0.43759,-0.223987,1.80087
640,0,0,0,0,0,0.105955,0.437511,-0.224078,1.79939
641,0,0,0,0,0,0.106088,0.436955,-0.223986,1.79919
642,0,0,0,0,0,0.105875,0.436206,-0.223948,1.79998
643,0,0,0,0,0,0.105864,0.436383,-0.223956,1.80001
644,0,0,0,0,0,0.106101,0.436204,-0.223784,1.79975
645,0,0,0,0,0,0.105857,0.435688,-0.223739,1.80068
646,0,0,0,0,0,0.10571,0.434716,-0.223763,1.80103
647,0,0,0,0,0,0.10568,0.435323,-0.223782,1.80112
648,0,0,0,0,0,0.105825,0.434578,-0.223458,1.80163
649,0,0,0,0,0,0.105909,0.434817,-0.223378,1.80161
650,0,0,0,0,0,0.105798,0.434273,-0.22341,1.80185
651,0,0,0,0,0,0.105577,0.435201,-0.223449,1.80254
652,0,0,0,0,0,0.105572,0.435268,-0.223482,1.80246
653,0,0,0,0,0,0.105518,0.434713,-0.223517,1.80249
654,0,0,0,0,0,0.105295,0.433838,-0.223511,1.8032
655,0,0,0,0,0,0.105596,0.434613,-0.22352,1.8022
656,0,0,0,0,0,0.105878,0.434334,-0.223517,1.80123
657,0,0,0,0,0,0.105927,0.433507,-0.223445,1.80124
658,0,0,0,0,0,0.105956,0.433225,-0.223358,1.8014
659,0,0,0,0,0,0.106049,0.434254,-0.223604,1.80036
660,0,0,0,0,0,0.106056,0.434385,-0.223652,1.80019
661,0,0,0,0,0,0.105882,0.434244,-0.223707,1.8006
662,0,0,0,0,0,0.105958,0.434347,-0.223671,1.80047
663,0,0,0,0,0,0.105716,0.434623,-0.223682,1.80127
664,0,0,0,0,0,0.105696,0.433908,-0.22356,1.80168
665,0,0,0,0,0,0.105756,0.433705,-0.223541,1.80153
666,0,0,0,0,0,0.105758,0.434274,-0.223544,1.80155
667,0,0,0,0,0,0.105758,0.434703,-0.223721,1.80101
668,0,0,0,0,0,0.105629,0.434301,-0.223846,1.80101
669,0,0,0,0,0,0.105719,0.434583,-0.2239,1.80055
670,0,0,0,0,0,0.105716,0.434717,-0.223929,1.80048
671,0,0,0,0,0,0.106027,0.433853,-0.223759,1.79991
672,0,0,0,0,0,0.106037,0.434237,-0.223781,1.79983
673,0,0,0,0,0,0.106275,0.433217,-0.223511,1.79982
674,0,0,0,0,0,0.106239,0.432013,-0.223166,1.80098
675,0,0,0,0,0,0.106269,0.431958,-0.22312,1.80102
676,0,0,0,0,0,0.106189,0.43148,-0.223155,1.80114
677,0,0,0,0,0,0.106118,0.43083,-0.222897,1.80218
678,0,0,0,0,0,0.10648,0.432527,-0.223092,1.80044
679,0,0,0,0,0,0.106541,0.433177,-0.223272,1.79969
680,0,0,0,0,0,0.106287,0.432057,-0.223036,1.80124
681,0,0,0,0,0,0.106397,0.43277,-0.223089,1.80075
682,0,0,0,0,0,0.106705,0.432703,-0.223187,1.79938
683,0,0,0,0,0,0.106506,0.431005,-0.222894,1.80088
684,0,0,0,0,0,0.106348,0.430616,-0.222824,1.80162
685,0,0,0,0,0,0.106739,0.431495,-0.222939,1.79998
686,0,0,0,0,0,0.106654,0.431252,-0.222903,1.80036
687,0,0,0,0,0,0.106502,0.430878,-0.222741,1.80138
688,0,0,0,0,0,0.106592,0.432582,-0.22303,1.80026
689,0,0,0,0,0,0.107037,0.432985,-0.222888,1.79924
690,0,0,0,0,0,0.10701,0.43348,-0.223007,1.79898
691,0,0,0,0,0,0.106757,0.433398,-0.223052,1.79969
692,0,0,0,0,0,0.106779,0.433509,-0.223227,1.79905
693,0,0,0,0,0,0.106659,0.433776,-0.223362,1.79904
694,0,0,0,0,0,0.106247,0.433257,-0.223534,1.79985
695,0,0,0,0,0,0.106013,0.432141,-0.223419,1.80093
696,0,0,0,0,0,0.106098,0.431946,-0.223289,1.80105
697,0,0,0,0,0,0.106167,0.432592,-0.223202,1.80115
698,0,0,0,0,0,0.106015,0.431296,-0.222966,1.80234
699,0,0,0,0,0,0.10607,0.431418,-0.222894,1.80239
700,0,0,0,0,0,0.106037,0.431325,-0.222876,1.80256
701,0,0,0,0,0,0.106267,0.432152,-0.22301,1.8014
702,0,0,0,0,0,0.10646,0.432722,-0.223171,1.80026
703,0,0,0,0,0,0.106425,0.433014,-0.223306,1.79996
704,0,0,0,0,0,0.106468,0.432953,-0.223356,1.79965
705,0,0,0,0,0,0.106565,0.432624,-0.223237,1.79968
706,0,0,0,0,0,0.106431,0.431322,-0.223079,1.80056
707,0,0,0,0,0,0.106032,0.430553,-0.223059,1.80192
708,0,0,0,0,0,0.106041,0.43062,-0.223034,1.80198
709,0,0,0,0,0,0.106136,0.431674,-0.223259,1.801
710,0,0,0,0,0,0.105964,0.4329,-0.223571,1.80066
711,0,0,0,0,0,0.106179,0.434475,-0.223774,1.79939
712,0,0,0,0,0,0.106633,0.43494,-0.223685,1.79817
713,0,0,0,0,0,0.10665,0.435001,-0.223642,1.79825
714,0,0,0,0,0,0.106546,0.434237,-0.223472,1.7991
715,0,0,0,0,0,0.106743,0.434962,-0.223513,1.79835
716,0,0,0,0,0,0.106687,0.434123,-0.223383,1.79891
717,0,0,0,0,0,0.106496,0.434543,-0.223579,1.79895
718,0,0,0,0,0,0.106658,0.434947,-0.223722,1.79796
719,0,0,0,0,0,0.106653,0.434903,-0.223806,1.7977
720,0,0,0,0,0,0.106439,0.433603,-0.223671,1.79878
721,0,0,0,0,0,0.106193,0.433705,-0.223696,1.79954
722,0,0,0,0,0,0.106242,0.433755,-0.223739,1.79923
723,0,0,0,0,0,0.10619,0.433568,-0.22355,1.80001
724,0,0,0,0,0,0.106123,0.433234,-0.223442,1.80057
725,0,0,0,0,0,0.106398,0.434158,-0.223472,1.7996
726,0,0,0,0,0,0.106634,0.43395,-0.223385,1.79907
727,0,0,0,0,0,0.106679,0.433188,-0.223202,1.79945
728,0,0,0,0,0,0.106641,0.43231,-0.223071,1.79994
729,0,0,0,0,0,0.106905,0.432534,-0.222987,1.79933
730,0,0,0,0,0,0.106688,0.431976,-0.222833,1.80053
731,0,0,0,0,0,0.106649,0.432412,-0.222907,1.80046
732,0,0,0,0,0,0.106564,0.432262,-0.222881,1.80082
