RELEASE,RELEASE,0.000000,0.000000,0.000000,0.000000,0.000000,0.000000,0.000000,0.000000,0.000000,0.000000,0.000000,0.000000,0.000000,0.000000
RELEASE,RELEASE,0.000000,0.000000,0.000000,0.000000,0.000000,0.000000,0.000000,0.000000,0.000000,0.000000,0.000000,0.000000,0.000000,0.000000
RELEASE,RELEASE,0.000000,0.000000,0.000000,0.000000,0.000000,0.000000,0.000000,0.000000,0.000000,0.000000,0.000000,0.000000,0.000000,0.000000
RELEASE,RELEASE,0.000000,0.000000,0.000000,0.000000,0.000000,0.000000,0.000000,0.000000,0.000000,0.000000,0.000000,0.000000,0.000000,0.000000
RELEASE,RELEASE,0.000000,0.000000,0.000000,0.000000,0.000000,0.000000,0.000000,0.000000,0.000000,0.000000,0.000000,0.000000,0.000000,0.000000
RELEASE,RELEASE,0.000000,0.000000,0.000000,0.000000,0.000000,0.000000,0.000000,0.000000,0.000000,0.000000,0.000000,0.000000,0.000000,0.000000
RELEASE,RELEASE,0.000000,0.000000,0.000000,0.000000,0.000000,0.000000,0.000000,0.000000,0.000000,0.000000,0.000000,0.000000,0.000000,0.000000
RELEASE,RELEASE,0.000000,0.000000,0.000000,0.000000,0.000000,0.000000,0.000000,0.000000,0.000000,0.000000,0.000000,0.000000,0.000000,0.000000
RELEASE,RELEASE,0.000000,0.000000,0.000000,0.000000,0.000000,0.000000,0.000000,0.000000,0.000000,0.000000,0.000000,0.000000,0.000000,0.000000
RELEASE,RELEASE,0.000000,0.000000,0.000000,0.000000,0.000000,0.000000,0.000000,0.000000,0.000000,0.000000,0.000000,0.000000,0.000000,0.000000
RELEASE,RELEASE,0.000000,0.000000,0.000000,0.000000,0.000000,0.000000,0.000000,0.000000,0.000000,0.000000,0.000000,0.000000,0.000000,0.000000
RELEASE,RELEASE,0.000000,0.000000,0.000000,0.000000,0.000000,0.000000,0.000000,0.000000,0.000000,0.000000,0.000000,0.000000,0.000000,0.000000
RELEASE,RELEASE,0.000000,0.000000,0.000000,0.000000,0.000000,0.000000,0.000000,0.000000,0.000000,0.000000,0.000000,0.000000,0.000000,0.000000
RELEASE,RELEASE,0.000000,0.000000,0.000000,0.000000,0.000000,0.000000,0.000000,0.000000,0.000000,0.000000,0.000000,0.000000,0.000000,0.000000
RELEASE,RELEASE,0.000000,0.000000,0.000000,0.000000,0.000000,0.000000,0.000000,0.000000,0.000000,0.000000,0.000000,0.000000,0.000000,0.000000
RELEASE,RELEASE,0.000000,0.000000,0.000000,0.000000,0.000000,0.000000,0.000000,0.000000,0.000000,0.000000,0.000000,0.000000,0.000000,0.000000
RELEASE,RELEASE,0.000000,0.000000,0.000000,0.000000,0.000000,0.000000,0.000000,0.000000,0.000000,0.000000,0.000000,0.000000,0.000000,0.000000
RELEASE,RELEASE,0.000000,0.000000,0.000000,0.000000,0.000000,0.000000,0.000000,0.000000,0.000000,0.000000,0.000000,0.000000,0.000000,0.000000
RELEASE,RELEASE,0.000000,0.000000,0.000000,0.000000,0.000000,0.000000,0.000000,0.000000,0.000000,0.000000,0.000000,0.000000,0.000000,0.000000
RELEASE,RELEASE,0.000000,0.000000,0.000000,0.000000,0.000000,0.000000,0.000000,0.000000,0.000000,0.000000,0.000000,0.000000,0.000000,0.000000
RELEASE,RELEASE,0.000000,0.000000,0.000000,0.000000,0.000000,0.000000,0.000000,0.000000,0.000000,0.000000,0.000000,0.000000,0.000000,0.000000
RELEASE,RELEASE,0.000000,0.000000,0.000000,0.000000,0.000000,0.000000,0.000000,0.000000,0.000000,0.000000,0.000000,0.000000,0.000000,0.000000
RELEASE,RELEASE,0.000000,0.000000,0.000000,0.000000,0.000000,0.000000,0.000000,0.000000,0.000000,0.000000,0.000000,0.000000,0.000000,0.000000
RELEASE,RELEASE,0.000000,0.000000,0.000000,0.000000,0.000000,0.000000,0.000000,0.000000,0.000000,0.000000,0.000000,0.000000,0.000000,0.000000
RELEASE,RELEASE,0.000000,0.000000,0.000000,0.000000,0.000000,0.000000,0.000000,0.000000,0.000000,0.000000,0.000000,0.000000,0.000000,0.000000
RELEASE,RELEASE,0.000000,0.000000,0.000000,0.000000,0.000000,0.000000,0.000000,0.000000,0.000000,0.000000,0.000000,0.000000,0.000000,0.000000
RELEASE,RELEASE,0.000000,0.000000,0.000000,0.000000,0.000000,0.000000,0.000000,0.000000,0.000000,0.000000,0.000000,0.000000,0.000000,0.000000
RELEASE,RELEASE,0.000000,0.000000,0.000000,0.000000,0.000000,0.000000,0.000000,0.000000,0.000000,0.000000,0.000000,0.000000,0.000000,0.000000
RELEASE,RELEASE,0.000000,0.000000,0.000000,0.000000,0.000000,0.000000,0.000000,0.000000,0.000000,0.000000,0.000000,0.000000,0.000000,0.000000
RELEASE,RELEASE,0.000000,0.000000,0.000000,0.000000,0.000000,0.000000,0.000000,0.000000,0.000000,0.000000,0.000000,0.000000,0.000000,0.000000
RELEASE,RELEASE,0.000000,0.000000,0.000000,0.000000,0.000000,0.000000,0.000000,0.000000,0.000000,0.000000,0.000000,0.000000,0.000000,0.000000
RELEASE,RELEASE,0.000000,0.000000,0.000000,0.000000,0.000000,0.000000,0.000000,0.000000,0.000000,0.000000,0.000000,0.000000,0.000000,0.000000
RELEASE,RELEASE,0.000000,0.000000,0.000000,0.000000,0.000000,0.000000,0.000000,0.000000,0.000000,0.000000,0.000000,0.000000,0.000000,0.000000
RELEASE,RELEASE,0.000000,0.000000,0.000000,0.000000,0.000000,0.000000,0.000000,0.000000,0.000000,0.000000,0.000000,0.000000,0.000000,0.000000
RELEASE,RELEASE,0.000000,0.000000,0.000000,0.000000,0.000000,0.000000,0.000000,0.000000,0.000000,0.000000,0.000000,0.000000,0.000000,0.000000
RELEASE,RELEASE,0.000000,0.000000,0.000000,0.000000,0.000000,0.000000,0.000000,0.000000,0.000000,0.000000,0.000000,0.000000,0.000000,0.000000
RELEASE,RELEASE,0.000000,0.000000,0.000000,0.000000,0.000000,0.000000,0.000000,0.000000,0.000000,0.000000,0.000000,0.000000,0.000000,0.000000
RELEASE,RELEASE,0.000000,0.000000,0.000000,0.000000,0.000000,0.000000,0.000000,0.000000,0.000000,0.000000,0.000000,0.000000,0.000000,0.000000
RELEASE,RELEASE,0.000000,0.000000,0.000000,0.000000,0.000000,0.000000,0.000000,0.000000,0.000000,0.000000,0.000000,0.000000,0.000000,0.000000
RELEASE,RELEASE,0.000000,0.000000,0.000000,0.000000,0.000000,0.000000,0.000000,0.000000,0.000000,0.000000,0.000000,0.000000,0.000000,0.000000
RELEASE,RELEASE,0.000000,0.000000,0.000000,0.000000,0.000000,0.000000,0.000000,0.000000,0.000000,0.000000,0.000000,0.000000,0.000000,0.000000
RELEASE,RELEASE,0.000000,0.000000,0.000000,0.000000,0.000000,0.000000,0.000000,0.000000,0.000000,0.000000,0.000000,0.000000,0.000000,0.000000
RELEASE,RELEASE,0.000000,0.000000,0.000000,0.000000,0.000000,0.000000,0.000000,0.000000,0.000000,0.000000,0.000000,0.000000,0.000000,0.000000
RELEASE,RELEASE,0.000000,0.000000,0.000000,0.000000,0.000000,0.000000,0.000000,0.000000,0.000000,0.000000,0.000000,0.000000,0.000000,0.000000
RELEASE,RELEASE,0.000000,0.000000,0.000000,0.000000,0.000000,0.000000,0.000000,0.000000,0.000000,0.000000,0.000000,0.000000,0.000000,0.000000
SHELF,RELEASE,0.000000,0.000000,0.000000,0.000000,0.000000,0.000000,0.000000,0.000000,0.000000,0.000000,0.000000,0.000000,0.000000,0.000000
SHELF,RELEASE,0.000000,0.000000,0.000000,0.000000,0.000000,0.000000,0.000000,0.000000,0.000000,0.000000,0.000000,0.000000,0.000000,0.000000
SHELF,SHELF,0.000000,0.000000,0.000000,0.000000,0.000000,0.000000,0.000000,0.000000,0.000000,0.000000,0.000000,0.000000,0.000000,0.000000
SHELF,SHELF,0.000000,0.000000,0.000000,0.000000,0.000000,0.000000,0.000000,0.000000,0.000000,0.000000,0.000000,0.000000,0.000000,0.000000
SHELF,SHELF,0.000000,0.000000,0.000000,0.000000,0.000000,0.000000,0.000000,0.000000,0.000000,0.000000,0.000000,0.000000,0.000000,0.000000
SHELF,SHELF,0.000000,0.000000,0.000000,0.000000,0.000000,0.000000,0.000000,0.000000,0.000000,0.000000,0.000000,0.000000,0.000000,0.000000
SHELF,SHELF,0.000000,0.000000,0.000000,0.000000,0.000000,0.000000,0.000000,0.000000,0.000000,0.000000,0.000000,0.000000,0.000000,0.000000
SHELF,MOVE,0.000000,0.000000,0.000000,0.179246,0.011664,0.474029,0.000000,0.000000,0.000000,0.000000,0.378825,0.999810,0.210864,0.000000
SHELF,MOVE,0.000000,0.000000,0.000000,0.176383,0.012594,0.470671,0.000000,0.000000,0.000000,0.000000,0.223239,0.998252,0.210864,0.000000
SHELF,MOVE,0.000000,0.000000,0.000000,0.175903,0.012863,0.470540,0.000000,0.000000,0.000000,0.000000,0.171377,0.997732,0.210864,0.000000
SHELF,MOVE,0.000000,0.000000,0.000000,0.175893,0.012979,0.470932,0.000000,0.000000,0.000000,0.000000,0.145446,0.997473,0.210864,0.000000
SHELF,MOVE,0.000000,0.000000,0.000000,0.176727,0.013067,0.472795,0.000000,0.000000,0.000000,0.000000,0.129887,0.997317,0.210864,0.000000
SHELF,MOVE,0.000000,0.000000,0.000000,0.177806,0.013166,0.475001,0.000000,0.000000,0.000000,0.000000,0.119515,0.997213,0.210864,0.000000
SHELF,MOVE,0.000000,0.000000,0.000000,0.182852,0.015793,0.479256,0.000000,0.000000,0.000000,0.000000,0.130736,0.997139,0.210110,0.000000
SHELF,MOVE,0.000000,0.000000,0.000000,0.193420,0.022236,0.523269,0.000000,0.000000,0.000000,0.000000,0.215714,0.997083,0.250174,0.000000
SHELF,MOVE,0.000000,0.000000,0.000000,0.209279,0.034051,0.507796,0.000000,0.000000,0.000000,0.000000,0.301776,0.997040,0.330883,0.000000
SHELF,MOVE,0.000000,0.000000,0.000000,0.231101,0.053099,0.504824,0.000000,0.000000,0.000000,0.000000,0.370626,0.997005,0.395449,0.000000
SHELF,MOVE,0.000000,0.000000,0.000000,0.264863,0.083111,0.513863,0.000000,0.000000,0.000000,0.000000,0.431771,0.996694,0.472018,0.000000
SHELF,MOVE,0.000000,0.000000,0.000000,0.306619,0.126251,0.530375,0.000000,0.000000,0.000000,0.000000,0.524033,0.996694,0.548586,0.000000
SHELF,MOVE,0.000000,0.000000,0.000000,0.355132,0.183147,0.552847,0.000000,0.000000,0.000000,0.000000,0.616295,0.996694,0.625155,0.000000
SHELF,MOVE,0.000000,0.000000,0.000000,0.410381,0.252504,0.581342,0.000000,0.000000,0.000000,0.000000,0.708558,0.996694,0.701723,0.000000
SHELF,MOVE,0.000000,0.000000,0.000000,0.466578,0.324999,0.610175,0.000000,0.000000,0.000000,0.000000,0.800820,0.996694,0.778292,0.000000
SHELF,MOVE,0.000000,0.000000,0.000000,0.526042,0.403296,0.641586,0.000000,0.000000,0.000000,0.000000,0.893082,0.996694,0.854860,0.000000
SHELF,MOVE,0.000000,0.000000,0.000000,0.582322,0.480145,0.670868,0.000000,0.000000,0.000000,0.000000,0.972303,0.996694,0.931956,0.000000
SHELF,MOVE,0.000000,0.000000,0.000000,0.631665,0.551915,0.666056,0.000000,0.000000,0.000000,0.000000,0.990275,0.996694,0.976549,0.000000
SHELF,MOVE,0.000000,0.000000,0.000000,0.672407,0.615790,0.704330,0.000000,0.000000,0.000000,0.000000,0.990275,0.996694,0.976549,0.000000
SHELF,MOVE,0.000000,0.000000,0.000000,0.701221,0.666891,0.730549,0.000000,0.000000,0.000000,0.000000,0.990275,0.996694,0.976549,0.000000
SHELF,MOVE,0.000000,0.000000,0.000000,0.719014,0.706596,0.746162,0.000000,0.000000,0.000000,0.000000,0.990275,0.996694,0.976549,0.000000
SHELF,MOVE,0.000000,0.000000,0.000000,0.727269,0.730274,0.752960,0.000000,0.000000,0.000000,0.000000,0.990275,0.996694,0.976549,0.000000
SHELF,MOVE,0.000000,0.000000,0.000000,0.726008,0.736503,0.751016,0.000000,0.000000,0.000000,0.000000,0.990275,0.996694,0.976549,0.000000
SHELF,MOVE,0.000000,0.000000,0.000000,0.716714,0.727894,0.741763,0.000000,0.000000,0.000000,0.000000,0.990275,0.996694,0.976549,0.000000
SHELF,MOVE,0.000000,0.000000,0.000000,0.704251,0.712653,0.729696,0.000000,0.000000,0.000000,0.000000,0.990275,0.996694,0.976549,0.000000
SHELF,MOVE,0.000000,0.000000,0.000000,0.687254,0.688898,0.713643,0.000000,0.000000,0.000000,0.000000,0.990275,0.996694,0.976549,0.000000
SHELF,MOVE,0.000000,0.000000,0.000000,0.670042,0.662318,0.697586,0.000000,0.000000,0.000000,0.000000,0.990275,0.996694,0.976549,0.000000
SHELF,MOVE,0.000000,0.000000,0.000000,0.653930,0.635130,0.682685,0.000000,0.000000,0.000000,0.000000,0.990275,0.996694,0.976549,0.000000
SHELF,MOVE,0.000000,0.000000,0.000000,0.638408,0.606973,0.668419,0.000000,0.000000,0.000000,0.000000,0.990275,0.996694,0.976549,0.000000
SHELF,MOVE,0.000000,0.000000,0.000000,0.624271,0.579135,0.655488,0.000000,0.000000,0.000000,0.000000,0.990275,0.996694,0.976549,0.000000
SHELF,MOVE,0.000000,0.000000,0.000000,0.612875,0.553031,0.645298,0.000000,0.000000,0.000000,0.000000,0.990275,0.996694,0.976549,0.000000
SHELF,MOVE,0.000000,0.000000,0.000000,0.604117,0.532977,0.637779,0.000000,0.000000,0.000000,0.000000,0.990275,0.996694,0.976549,0.000000
SHELF,MOVE,0.000000,0.000000,0.000000,0.599042,0.516383,0.633927,0.000000,0.000000,0.000000,0.000000,0.990275,0.996694,0.976549,0.000000
SHELF,MOVE,0.000000,0.000000,0.000000,0.596374,0.501941,0.632475,0.000000,0.000000,0.000000,0.000000,0.990275,0.996694,0.976549,0.000000
SHELF,MOVE,0.000000,0.000000,0.000000,0.597272,0.492097,0.634535,0.000000,0.000000,0.000000,0.000000,0.990275,0.996694,0.976549,0.000000
SHELF,MOVE,0.000000,0.000000,0.000000,0.600282,0.480859,0.638647,0.000000,0.000000,0.000000,0.000000,0.990275,0.996694,0.976549,0.000000
SHELF,MOVE,0.000000,0.000000,0.000000,0.605149,0.476891,0.644538,0.000000,0.000000,0.000000,0.000000,0.990275,0.996694,0.976549,0.000000
SHELF,MOVE,0.000000,0.000000,0.000000,0.612331,0.472003,0.652650,0.000000,0.000000,0.000000,0.000000,0.990275,0.996694,0.976549,0.000000
SHELF,MOVE,0.000000,0.000000,0.000000,0.621549,0.470435,0.662713,0.000000,0.000000,0.000000,0.000000,0.990275,0.996694,0.976549,0.000000
SHELF,MOVE,0.000000,0.000000,0.000000,0.633043,0.472508,0.674948,0.000000,0.000000,0.000000,0.000000,0.990275,0.996694,0.976549,0.000000
SHELF,MOVE,0.000000,0.000000,0.000000,0.644208,0.475168,0.686745,0.000000,0.000000,0.000000,0.000000,0.990275,0.996694,0.976549,0.000000
SHELF,MOVE,0.000000,0.000000,0.000000,0.654707,0.478385,0.697721,0.000000,0.000000,0.000000,0.000000,0.990275,0.996694,0.976549,0.000000
MOVE,MOVE,0.000000,0.000000,0.000000,0.664045,0.480249,0.707401,0.000000,0.000000,0.000000,0.000000,0.990275,0.996694,0.976549,0.000000
MOVE,MOVE,0.000000,0.000000,0.000000,0.671852,0.480134,0.715466,0.000000,0.000000,0.000000,0.000000,0.990275,0.996694,0.976549,0.000000
MOVE,MOVE,0.000000,0.000000,0.000000,0.677475,0.476096,0.721362,0.000000,0.000000,0.000000,0.000000,0.990275,0.996694,0.976549,0.000000
MOVE,MOVE,0.000000,0.000000,0.000000,0.689168,0.472399,0.725197,0.000000,0.000000,0.000000,0.000000,0.990275,0.996694,0.976549,0.000000
MOVE,MOVE,0.000000,0.000000,0.000000,0.697790,0.459217,0.725943,0.000000,0.000000,0.000000,0.000000,0.990275,0.996694,0.976549,0.000000
MOVE,MOVE,0.000000,0.000000,0.000000,0.702250,0.443608,0.722575,0.000000,0.000000,0.000000,0.000000,0.990275,0.996694,0.977194,0.000000
MOVE,MOVE,0.000000,0.000000,0.000000,0.702684,0.421703,0.715182,0.000000,0.000000,0.000000,0.000000,0.990275,0.996694,0.977194,0.000000
MOVE,MOVE,0.000000,0.000000,0.000000,0.699846,0.393437,0.703251,0.000000,0.000000,0.000000,0.000000,0.989957,0.996694,0.967337,0.000000
MOVE,MOVE,0.000000,0.000000,0.000000,0.693850,0.360533,0.687076,0.000000,0.000000,0.000000,0.000000,0.971985,0.996694,0.933226,0.000000
MOVE,MOVE,0.000000,0.000000,0.000000,0.708000,0.317467,0.665645,0.000000,0.000000,0.000000,0.000000,0.892764,0.997005,0.871218,0.000000
MOVE,MOVE,0.000000,0.000000,0.000000,0.717376,0.273725,0.641251,0.000000,0.000000,0.000000,0.000000,0.865633,0.997005,0.794275,0.000000
MOVE,MOVE,0.000000,0.000000,0.000000,0.728235,0.229493,0.611391,0.000000,0.000000,0.000000,0.000000,0.773370,0.992931,0.717706,0.000000
MOVE,MOVE,0.000000,0.000000,0.000000,0.735371,0.186029,0.576352,0.000000,0.000000,0.000000,0.000000,0.681500,0.983729,0.630463,0.000000
MOVE,MOVE,0.000000,0.000000,0.000000,0.727718,0.145578,0.536852,0.000000,0.000000,0.000000,0.000000,0.584618,0.974552,0.543575,0.000000
MOVE,MOVE,0.000000,0.000000,0.000000,0.713430,0.109500,0.493697,0.000000,0.000000,0.000000,0.000000,0.487804,0.965324,0.450359,0.000000
MOVE,MOVE,0.000000,0.000000,0.000000,0.692367,0.079073,0.447554,0.000000,0.000000,0.000000,0.000000,0.391212,0.929521,0.356683,0.000000
MOVE,MOVE,0.000000,0.000000,0.000000,0.664982,0.054110,0.416855,0.000000,0.000000,0.000000,0.000000,0.292781,0.888031,0.260769,0.000000
MOVE,MOVE,0.000000,0.000000,0.000000,0.623511,0.034635,0.385282,0.000000,0.000000,0.000000,0.000000,0.194681,0.846202,0.174804,0.000000
MOVE,MOVE,0.000000,0.000000,0.000000,0.563410,0.020113,0.336178,0.000000,0.000000,0.000000,0.000000,0.114263,0.789892,0.111865,0.000000
MOVE,MOVE,0.000000,0.000000,0.000000,0.482056,0.011848,0.290692,0.000000,0.000000,0.000000,0.000000,0.095146,0.732957,0.076401,0.000000
MOVE,MOVE,0.000000,0.000000,0.000000,0.404793,0.005855,0.246920,0.000000,0.000000,0.000000,0.000000,0.023406,0.675590,0.055887,0.000000
MOVE,MOVE,0.000000,0.000000,0.000000,0.325879,0.002564,0.208065,0.000000,0.000000,0.000000,0.000000,0.016805,0.622180,0.034861,0.000000
MOVE,MOVE,0.000000,0.000000,0.000000,0.250807,0.001315,0.174180,0.000000,0.000000,0.000000,0.000000,0.009821,0.559608,0.024456,0.000000
MOVE,MOVE,0.000000,0.000000,0.000000,0.183137,0.000791,0.198966,0.000000,0.000000,0.000000,0.000000,0.007868,0.495826,0.013691,0.000000
MOVE,MOVE,0.000000,0.000000,0.000000,0.123642,0.000596,0.234757,0.000000,0.000000,0.000000,0.000000,0.005703,0.431522,0.009252,0.000000
MOVE,MOVE,0.000000,0.000000,0.000000,0.074088,0.000203,0.289220,0.000000,0.000000,0.000000,0.000000,0.003317,0.389528,0.004853,0.000000
MOVE,MOVE,0.000000,0.000000,0.000000,0.033660,0.000065,0.261799,0.000000,0.000000,0.000000,0.000000,0.002771,0.347259,0.012811,0.000000
MOVE,MOVE,0.000000,0.000000,0.000000,0.010097,0.000018,0.288782,0.000000,0.000000,0.000000,0.000000,0.002217,0.300954,0.034184,0.000000
MOVE,MOVE,0.000000,0.000000,0.000000,0.008058,0.000004,0.346522,0.000000,0.000000,0.000000,0.000000,0.001595,0.263934,0.072258,0.000000
MOVE,MOVE,0.000000,0.000000,0.000000,0.007365,0.000001,0.391946,0.000000,0.000000,0.000000,0.000000,0.000920,0.225365,0.123203,0.000000
MOVE,MOVE,0.000000,0.000000,0.000000,0.007123,0.000000,0.447781,0.000000,0.000000,0.000000,0.000000,0.000779,0.185045,0.184417,0.000000
MOVE,MOVE,0.000000,0.000000,0.000000,0.007173,0.000000,0.503209,0.000000,0.000000,0.000000,0.000000,0.000631,0.144291,0.244840,0.000000
MOVE,MOVE,0.000000,0.000000,0.000000,0.007381,0.000000,0.570070,0.000000,0.000000,0.000000,0.000000,0.000464,0.116453,0.304683,0.000000
MOVE,MOVE,0.000000,0.000000,0.000000,0.008573,0.000000,0.585494,0.000000,0.000000,0.000000,0.000000,0.000276,0.089797,0.373655,0.000000
MOVE,MOVE,0.000000,0.000000,0.000000,0.009707,0.000000,0.594156,0.000000,0.000000,0.000000,0.000000,0.000234,0.063715,0.442276,0.000000
MOVE,MOVE,0.000000,0.000000,0.000000,0.009838,0.000000,0.590586,0.000000,0.000000,0.000000,0.000000,0.000190,0.041897,0.510382,0.000000
MOVE,MOVE,0.000000,0.000000,0.000000,0.010286,0.000000,0.651903,0.000000,0.000000,0.000000,0.000000,0.000141,0.026039,0.575625,0.000000
MOVE,MOVE,0.000000,0.000000,0.000000,0.010316,0.000000,0.662670,0.000000,0.000000,0.000000,0.000000,0.000086,0.014555,0.626573,0.000000
MOVE,MOVE,0.000000,0.000000,0.000000,0.010334,0.000000,0.657275,0.000000,0.000000,0.000000,0.000000,0.000074,0.008267,0.662050,0.000000
MOVE,MOVE,0.000000,0.000000,0.000000,0.010392,0.000000,0.657111,0.000000,0.000000,0.000000,0.000000,0.000061,0.003842,0.684214,0.000000
MOVE,MOVE,0.000000,0.000000,0.000000,0.010865,0.000000,0.638849,0.000000,0.000000,0.000000,0.000000,0.000047,0.001909,0.696096,0.000000
MOVE,MOVE,0.000000,0.000000,0.000000,0.011935,0.000000,0.591395,0.000000,0.000000,0.000000,0.000000,0.000031,0.000528,0.708239,0.000000
MOVE,MOVE,0.000000,0.000000,0.000000,0.013343,0.000000,0.529418,0.000000,0.000000,0.000000,0.000000,0.000027,0.000521,0.721019,0.000000
MOVE,MOVE,0.000000,0.000000,0.000000,0.014188,0.000000,0.486165,0.000000,0.000000,0.000000,0.000000,0.000023,0.000515,0.724674,0.000000
MOVE,MOVE,0.000000,0.000000,0.000000,0.015567,0.000000,0.437081,0.000000,0.000000,0.000000,0.000000,0.000018,0.000509,0.728680,0.000000
MOVE,MOVE,0.000000,0.000000,0.000000,0.017580,0.000000,0.366910,0.000000,0.000000,0.000000,0.000000,0.000013,0.000504,0.732978,0.000000
MOVE,MOVE,0.000000,0.000000,0.000000,0.020218,0.000000,0.300440,0.000000,0.000000,0.000000,0.000000,0.000012,0.000500,0.730664,0.000000
MOVE,MOVE,0.000000,0.000000,0.000000,0.022721,0.000000,0.234074,0.000000,0.000000,0.000000,0.000000,0.000011,0.000496,0.729138,0.000000
MOVE,MOVE,0.000000,0.000000,0.000000,0.025858,0.000000,0.174142,0.000000,0.000000,0.000000,0.000000,0.000009,0.000494,0.727611,0.000000
MOVE,MOVE,0.000000,0.000000,0.000000,0.029563,0.000000,0.122823,0.000000,0.000000,0.000000,0.000000,0.000007,0.000493,0.726947,0.000000
MOVE,MOVE,0.000000,0.000000,0.000000,0.033869,0.000000,0.080390,0.000000,0.000000,0.000000,0.000000,0.000007,0.000492,0.726284,0.000000
MOVE,MOVE,0.000000,0.000000,0.000000,0.038548,0.000000,0.068306,0.000000,0.000000,0.000000,0.000000,0.000007,0.000499,0.726284,0.000000
MOVE,MOVE,0.000000,0.000000,0.000000,0.043531,0.000000,0.059765,0.000000,0.000000,0.000000,0.000000,0.000006,0.000507,0.725777,0.000000
MOVE,MOVE,0.000000,0.000000,0.000000,0.048502,0.000000,0.030514,0.000000,0.000000,0.000000,0.000000,0.000006,0.000518,0.725270,0.000000
MOVE,MOVE,0.000000,0.000000,0.000000,0.053561,0.000000,0.008047,0.000000,0.000000,0.000000,0.000000,0.000006,0.000529,0.724763,0.000000
MOVE,MOVE,0.000000,0.000000,0.000000,0.058089,0.000000,0.006395,0.000000,0.000000,0.000000,0.000000,0.000005,0.000540,0.724256,0.000000
MOVE,MOVE,0.000000,0.000000,0.000000,0.063339,0.000000,0.005521,0.000000,0.000000,0.000000,0.000000,0.000005,0.000555,0.723749,0.000000
MOVE,MOVE,0.000000,0.000000,0.000000,0.068388,0.000000,0.004359,0.000000,0.000000,0.000000,0.000000,0.000005,0.000570,0.734562,0.000000
MOVE,MOVE,0.000000,0.000000,0.000000,0.071902,0.000000,0.003607,0.000000,0.000000,0.000000,0.000000,0.000005,0.000584,0.745375,0.000000
MOVE,MOVE,0.000000,0.000000,0.000000,0.073961,0.000000,0.003123,0.000000,0.000000,0.000000,0.000000,0.000005,0.000598,0.761081,0.000000
MOVE,MOVE,0.000000,0.000000,0.000000,0.074280,0.000000,0.002804,0.000000,0.000000,0.000000,0.000000,0.000005,0.000613,0.776788,0.000000
MOVE,MOVE,0.000000,0.000000,0.000000,0.072591,0.000000,0.002600,0.000000,0.000000,0.000000,0.000000,0.000005,0.000620,0.792204,0.000000
MOVE,MOVE,0.000000,0.000000,0.000000,0.069274,0.000000,0.002475,0.000000,0.000000,0.000000,0.000000,0.000005,0.000623,0.808127,0.000000
MOVE,MOVE,0.000000,0.000000,0.000000,0.064733,0.000000,0.002400,0.000000,0.000000,0.000000,0.000000,0.000005,0.000623,0.828071,0.000000
MOVE,MOVE,0.000000,0.000000,0.000000,0.058858,0.000000,0.002360,0.000000,0.000000,0.000000,0.000000,0.000005,0.000623,0.848265,0.000000
MOVE,MOVE,0.000000,0.000000,0.000000,0.052360,0.000000,0.001319,0.000000,0.000000,0.000000,0.000000,0.000005,0.000620,0.868459,0.000000
MOVE,MOVE,0.000000,0.000000,0.000000,0.044070,0.000000,0.000447,0.000000,0.000000,0.000000,0.000000,0.000005,0.000613,0.894809,0.000000
MOVE,MOVE,0.000000,0.000000,0.000000,0.035855,0.000000,0.000473,0.000000,0.000000,0.000000,0.000000,0.000005,0.000598,0.911342,0.000000
MOVE,MOVE,0.000000,0.000000,0.000000,0.028285,0.000000,0.000528,0.000000,0.000000,0.000000,0.000000,0.000005,0.000584,0.927876,0.000000
MOVE,MOVE,0.000000,0.000000,0.000000,0.021256,0.000000,0.000622,0.000000,0.000000,0.000000,0.000000,0.000005,0.000570,0.939515,0.000000
MOVE,MOVE,0.000000,0.000000,0.000000,0.015278,0.000000,0.000767,0.000000,0.000000,0.000000,0.000000,0.000005,0.000555,0.951154,0.000000
MOVE,MOVE,0.000000,0.000000,0.000000,0.010542,0.000000,0.000998,0.000000,0.000000,0.000000,0.000000,0.000005,0.000540,0.963084,0.000000
MOVE,MOVE,0.000000,0.000000,0.000000,0.006936,0.000000,0.001360,0.000000,0.000000,0.000000,0.000000,0.000005,0.000529,0.975014,0.000000
MOVE,MOVE,0.000000,0.000000,0.000000,0.004301,0.000000,0.001927,0.000000,0.000000,0.000000,0.000000,0.000005,0.000518,0.982921,0.000000
MOVE,MOVE,0.000000,0.000000,0.000000,0.002516,0.000000,0.002819,0.000000,0.000000,0.000000,0.000000,0.000005,0.000507,0.990580,0.000000
MOVE,MOVE,0.000000,0.000000,0.000000,0.001349,0.000000,0.004225,0.000000,0.000000,0.000000,0.000000,0.000005,0.000500,0.998239,0.000000
DISPENSER,MOVE,0.000000,0.000000,0.000000,0.000629,0.000000,0.006422,0.000000,0.000000,0.000000,0.000000,0.000005,0.000494,0.999742,0.000000
DISPENSER,MOVE,0.000000,0.000000,0.000000,0.000211,0.000000,0.009846,0.000000,0.000000,0.000000,0.000000,0.000005,0.000495,0.999742,0.000000
DISPENSER,MOVE,0.000000,0.000000,0.000000,0.000000,0.000000,0.015157,0.000000,0.000000,0.000000,0.000000,0.000005,0.000497,0.999742,0.000000
DISPENSER,DISPENSER,0.000000,0.000000,0.000000,0.000000,0.000000,0.000000,0.000000,0.000000,0.000000,0.000000,0.000000,0.000000,0.000000,0.000000
DISPENSER,DISPENSER,0.000000,0.000000,0.000000,0.000000,0.000000,0.000000,0.000000,0.000000,0.000000,0.000000,0.000000,0.000000,0.000000,0.000000
DISPENSER,DISPENSER,0.000000,0.000000,0.000000,0.000000,0.000000,0.000000,0.000000,0.000000,0.000000,0.000000,0.000000,0.000000,0.000000,0.000000
DISPENSER,DISPENSER,0.000000,0.000000,0.000000,0.000000,0.000000,0.000000,0.000000,0.000000,0.000000,0.000000,0.000000,0.000000,0.000000,0.000000
DISPENSER,DISPENSER,0.000000,0.000000,0.000000,0.000000,0.000000,0.000000,0.000000,0.000000,0.000000,0.000000,0.000000,0.000000,0.000000,0.000000
DISPENSER,DISPENSER,0.000000,0.000000,0.000000,0.000000,0.000000,0.000000,0.000000,0.000000,0.000000,0.000000,0.000000,0.000000,0.000000,0.000000
DISPENSER,DISPENSER,0.000000,0.000000,0.000000,0.000000,0.000000,0.000000,0.000000,0.000000,0.000000,0.000000,0.000000,0.000000,0.000000,0.000000
DISPENSER,DISPENSER,0.000000,0.000000,0.000000,0.000000,0.000000,0.000000,0.000000,0.000000,0.000000,0.000000,0.000000,0.000000,0.000000,0.000000
DISPENSER,DISPENSER,0.000000,0.000000,0.000000,0.000000,0.000000,0.000000,0.000000,0.000000,0.000000,0.000000,0.000000,0.000000,0.000000,0.000000
DISPENSER,DISPENSER,0.000000,0.000000,0.000000,0.000000,0.000000,0.000000,0.000000,0.000000,0.000000,0.000000,0.000000,0.000000,0.000000,0.000000
DISPENSER,DISPENSER,0.000000,0.000000,0.000000,0.000000,0.000000,0.000000,0.000000,0.000000,0.000000,0.000000,0.000000,0.000000,0.000000,0.000000
DISPENSER,DISPENSER,0.000000,0.000000,0.000000,0.000000,0.000000,0.000000,0.000000,0.000000,0.000000,0.000000,0.000000,0.000000,0.000000,0.000000
DISPENSER,DISPENSER,0.000000,0.000000,0.000000,0.000000,0.000000,0.000000,0.000000,0.000000,0.000000,0.000000,0.000000,0.000000,0.000000,0.000000
DISPENSER,DISPENSER,0.000000,0.000000,0.000000,0.000000,0.000000,0.000000,0.000000,0.000000,0.000000,0.000000,0.000000,0.000000,0.000000,0.000000
DISPENSER,DISPENSER,0.000000,0.000000,0.000000,0.000000,0.000000,0.000000,0.000000,0.000000,0.000000,0.000000,0.000000,0.000000,0.000000,0.000000
DISPENSER,DISPENSER,0.000000,0.000000,0.000000,0.000000,0.000000,0.000000,0.000000,0.000000,0.000000,0.000000,0.000000,0.000000,0.000000,0.000000
DISPENSER,DISPENSER,0.000000,0.000000,0.000000,0.000000,0.000000,0.000000,0.000000,0.000000,0.000000,0.000000,0.000000,0.000000,0.000000,0.000000
DISPENSER,DISPENSER,0.000000,0.000000,0.000000,0.000000,0.000000,0.000000,0.000000,0.000000,0.000000,0.000000,0.000000,0.000000,0.000000,0.000000
DISPENSER,DISPENSER,0.000000,0.000000,0.000000,0.000000,0.000000,0.000000,0.000000,0.000000,0.000000,0.000000,0.000000,0.000000,0.000000,0.000000
DISPENSER,DISPENSER,0.000000,0.000000,0.000000,0.000000,0.000000,0.000000,0.000000,0.000000,0.000000,0.000000,0.000000,0.000000,0.000000,0.000000
DISPENSER,DISPENSER,0.000000,0.000000,0.000000,0.000000,0.000000,0.000000,0.000000,0.000000,0.000000,0.000000,0.000000,0.000000,0.000000,0.000000
DISPENSER,DISPENSER,0.000000,0.000000,0.000000,0.000000,0.000000,0.000000,0.000000,0.000000,0.000000,0.000000,0.000000,0.000000,0.000000,0.000000
DISPENSER,DISPENSER,0.000000,0.000000,0.000000,0.000000,0.000000,0.000000,0.000000,0.000000,0.000000,0.000000,0.000000,0.000000,0.000000,0.000000
DISPENSER,DISPENSER,0.000000,0.000000,0.000000,0.000000,0.000000,0.000000,0.000000,0.000000,0.000000,0.000000,0.000000,0.000000,0.000000,0.000000
DISPENSER,DISPENSER,0.000000,0.000000,0.000000,0.000000,0.000000,0.000000,0.000000,0.000000,0.000000,0.000000,0.000000,0.000000,0.000000,0.000000
DISPENSER,DISPENSER,0.000000,0.000000,0.000000,0.000000,0.000000,0.000000,0.000000,0.000000,0.000000,0.000000,0.000000,0.000000,0.000000,0.000000
DISPENSER,DISPENSER,0.000000,0.000000,0.000000,0.000000,0.000000,0.000000,0.000000,0.000000,0.000000,0.000000,0.000000,0.000000,0.000000,0.000000
DISPENSER,DISPENSER,0.000000,0.000000,0.000000,0.000000,0.000000,0.000000,0.000000,0.000000,0.000000,0.000000,0.000000,0.000000,0.000000,0.000000
DISPENSER,DISPENSER,0.000000,0.000000,0.000000,0.000000,0.000000,0.000000,0.000000,0.000000,0.000000,0.000000,0.000000,0.000000,0.000000,0.000000
DISPENSER,DISPENSER,0.000000,0.000000,0.000000,0.000000,0.000000,0.000000,0.000000,0.000000,0.000000,0.000000,0.000000,0.000000,0.000000,0.000000
DISPENSER,DISPENSER,0.000000,0.000000,0.000000,0.000000,0.000000,0.000000,0.000000,0.000000,0.000000,0.000000,0.000000,0.000000,0.000000,0.000000
DISPENSER,DISPENSER,0.000000,0.000000,0.000000,0.000000,0.000000,0.000000,0.000000,0.000000,0.000000,0.000000,0.000000,0.000000,0.000000,0.000000
DISPENSER,DISPENSER,0.000000,0.000000,0.000000,0.000000,0.000000,0.000000,0.000000,0.000000,0.000000,0.000000,0.000000,0.000000,0.000000,0.000000
DISPENSER,DISPENSER,0.000000,0.000000,0.000000,0.000000,0.000000,0.000000,0.000000,0.000000,0.000000,0.000000,0.000000,0.000000,0.000000,0.000000
DISPENSER,DISPENSER,0.000000,0.000000,0.000000,0.000000,0.000000,0.000000,0.000000,0.000000,0.000000,0.000000,0.000000,0.000000,0.000000,0.000000
DISPENSER,MOVE,0.000000,0.416472,0.542196,0.000000,0.000000,0.000000,0.000000,0.000000,0.188473,0.004637,0.000000,0.000000,0.000000,0.000000
DISPENSER,MOVE,0.000000,0.391677,0.771097,0.000000,0.000000,0.000000,0.000000,0.000000,0.188473,0.004637,0.000000,0.000000,0.000000,0.000000
DISPENSER,MOVE,0.000000,0.364987,0.675577,0.000000,0.000000,0.000000,0.000000,0.000000,0.188473,0.004637,0.000000,0.000000,0.000000,0.000000
DISPENSER,MOVE,0.000000,0.522746,0.616106,0.000000,0.000000,0.000000,0.000000,0.000000,0.188473,0.004637,0.000000,0.000000,0.000000,0.000000
DISPENSER,MOVE,0.000000,0.613963,0.570167,0.000000,0.000000,0.000000,0.000000,0.000000,0.188473,0.004637,0.000000,0.000000,0.000000,0.000000
DISPENSER,MOVE,0.000000,0.669260,0.529436,0.000000,0.000000,0.000000,0.000000,0.000000,0.188473,0.004637,0.000000,0.000000,0.000000,0.000000
DISPENSER,MOVE,0.000000,0.595274,0.491228,0.000000,0.000000,0.000000,0.000000,0.000000,0.188473,0.006254,0.000000,0.000000,0.000000,0.000000
DISPENSER,MOVE,0.000000,0.535381,0.455831,0.000000,0.000000,0.000000,0.000000,0.000000,0.188473,0.007467,0.000000,0.000000,0.000000,0.000000
DISPENSER,MOVE,0.000000,0.485775,0.422942,0.000000,0.000000,0.000000,0.000000,0.000000,0.188473,0.010150,0.000000,0.000000,0.000000,0.000000
DISPENSER,MOVE,0.000000,0.444007,0.405069,0.000000,0.000000,0.000000,0.000000,0.000000,0.188473,0.012296,0.000000,0.000000,0.000000,0.000000
DISPENSER,MOVE,0.000000,0.407860,0.370956,0.000000,0.000000,0.000000,0.000000,0.000000,0.188473,0.014994,0.000000,0.000000,0.000000,0.000000
DISPENSER,MOVE,0.000000,0.375858,0.281709,0.000000,0.000000,0.000000,0.000000,0.000000,0.188473,0.017691,0.000000,0.000000,0.000000,0.000000
DISPENSER,MOVE,0.000000,0.348939,0.242598,0.000000,0.000000,0.000000,0.000000,0.000000,0.188473,0.020389,0.000000,0.000000,0.000000,0.000000
DISPENSER,MOVE,0.000000,0.253501,0.207543,0.000000,0.000000,0.000000,0.000000,0.000000,0.188473,0.023086,0.000000,0.000000,0.000000,0.000000
DISPENSER,MOVE,0.000000,0.215138,0.177712,0.000000,0.000000,0.000000,0.000000,0.000000,0.188473,0.025784,0.000000,0.000000,0.000000,0.000000
DISPENSER,MOVE,0.000000,0.183332,0.154536,0.000000,0.000000,0.000000,0.000000,0.000000,0.188473,0.028481,0.000000,0.000000,0.000000,0.000000
DISPENSER,MOVE,0.000000,0.235944,0.139077,0.000000,0.000000,0.000000,0.000000,0.000000,0.188473,0.030047,0.000000,0.000000,0.000000,0.000000
DISPENSER,MOVE,0.000000,0.298442,0.218271,0.000000,0.000000,0.000000,0.000000,0.000000,0.188473,0.031612,0.000000,0.000000,0.000000,0.000000
DISPENSER,MOVE,0.000000,0.370884,0.302288,0.000000,0.000000,0.000000,0.000000,0.000000,0.188473,0.031612,0.000000,0.000000,0.000000,0.000000
DISPENSER,MOVE,0.000000,0.452376,0.377867,0.000000,0.000000,0.000000,0.000000,0.000000,0.188473,0.031612,0.000000,0.000000,0.000000,0.000000
DISPENSER,MOVE,0.000000,0.541135,0.457761,0.000000,0.000000,0.000000,0.000000,0.000000,0.188473,0.031612,0.000000,0.000000,0.000000,0.000000
DISPENSER,MOVE,0.000000,0.634741,0.547008,0.000000,0.000000,0.000000,0.000000,0.000000,0.188473,0.031612,0.000000,0.000000,0.000000,0.000000
DISPENSER,MOVE,0.000000,0.730457,0.637665,0.000000,0.000000,0.000000,0.000000,0.000000,0.188473,0.031612,0.000000,0.000000,0.000000,0.000000
DISPENSER,MOVE,0.000000,0.826294,0.728950,0.000000,0.000000,0.000000,0.000000,0.000000,0.188473,0.031612,0.000000,0.000000,0.000000,0.000000
DISPENSER,MOVE,0.000000,0.866774,0.820140,0.000000,0.000000,0.000000,0.000000,0.000000,0.188473,0.031612,0.000000,0.000000,0.000000,0.000000
DISPENSER,MOVE,0.000000,0.904005,0.877440,0.000000,0.000000,0.000000,0.000000,0.000000,0.188473,0.031612,0.000000,0.000000,0.000000,0.000000
DISPENSER,MOVE,0.000000,0.936256,0.940963,0.000000,0.000000,0.000000,0.000000,0.000000,0.188473,0.031612,0.000000,0.000000,0.000000,0.000000
DISPENSER,MOVE,0.000000,0.962146,0.921701,0.000000,0.000000,0.000000,0.000000,0.000000,0.188473,0.031612,0.000000,0.000000,0.000000,0.000000
DISPENSER,MOVE,0.000000,0.980811,0.907538,0.000000,0.000000,0.000000,0.000000,0.000000,0.188473,0.031612,0.000000,0.000000,0.000000,0.000000
DISPENSER,MOVE,0.000000,0.992509,0.904878,0.000000,0.000000,0.000000,0.000000,0.000000,0.188473,0.031612,0.000000,0.000000,0.000000,0.000000
DISPENSER,MOVE,0.000000,0.998250,0.903707,0.000000,0.000000,0.000000,0.000000,0.000000,0.188473,0.031612,0.000000,0.000000,0.000000,0.000000
DISPENSER,MOVE,0.000000,0.990250,0.893918,0.000000,0.000000,0.000000,0.000000,0.000000,0.188473,0.031612,0.000000,0.000000,0.000000,0.000000
DISPENSER,MOVE,0.000000,0.982875,0.886053,0.000000,0.000000,0.000000,0.000000,0.000000,0.188473,0.031612,0.000000,0.000000,0.000000,0.000000
DISPENSER,MOVE,0.000000,0.976957,0.879307,0.000000,0.000000,0.000000,0.000000,0.000000,0.188473,0.031612,0.000000,0.000000,0.000000,0.000000
DISPENSER,MOVE,0.000000,0.972062,0.873193,0.000000,0.000000,0.000000,0.000000,0.000000,0.188473,0.031612,0.000000,0.000000,0.000000,0.000000
DISPENSER,MOVE,0.000000,0.967946,0.900664,0.000000,0.000000,0.000000,0.000000,0.000000,0.188473,0.031612,0.000000,0.000000,0.000000,0.000000
DISPENSER,MOVE,0.000000,0.967946,0.920343,0.000000,0.000000,0.000000,0.000000,0.000000,0.188473,0.031612,0.000000,0.000000,0.000000,0.000000
DISPENSER,MOVE,0.000000,0.961858,0.932922,0.000000,0.000000,0.000000,0.000000,0.000000,0.188473,0.031612,0.000000,0.000000,0.000000,0.000000
DISPENSER,MOVE,0.000000,0.955610,0.939328,0.000000,0.000000,0.000000,0.000000,0.000000,0.188473,0.031612,0.000000,0.000000,0.000000,0.000000
DISPENSER,MOVE,0.000000,0.948546,0.932482,0.000000,0.000000,0.000000,0.000000,0.000000,0.188473,0.031612,0.000000,0.000000,0.000000,0.000000
DISPENSER,MOVE,0.000000,0.940202,0.921925,0.000000,0.000000,0.000000,0.000000,0.000000,0.188473,0.031612,0.000000,0.000000,0.000000,0.000000
DISPENSER,MOVE,0.000000,0.939798,0.917549,0.000000,0.000000,0.000000,0.000000,0.000000,0.188473,0.031612,0.000000,0.000000,0.000000,0.000000
DISPENSER,MOVE,0.000000,0.934919,0.908737,0.000000,0.000000,0.000000,0.000000,0.000000,0.188473,0.031612,0.000000,0.000000,0.000000,0.000000
DISPENSER,MOVE,0.000000,0.926158,0.896451,0.000000,0.000000,0.000000,0.000000,0.000000,0.188473,0.031612,0.000000,0.000000,0.000000,0.000000
DISPENSER,MOVE,0.000000,0.914096,0.881741,0.000000,0.000000,0.000000,0.000000,0.000000,0.188473,0.031612,0.000000,0.000000,0.000000,0.000000
DISPENSER,MOVE,0.000000,0.898326,0.865076,0.000000,0.000000,0.000000,0.000000,0.000000,0.188473,0.031612,0.000000,0.000000,0.000000,0.000000
DISPENSER,MOVE,0.000000,0.875353,0.847454,0.000000,0.000000,0.000000,0.000000,0.000000,0.188473,0.031612,0.000000,0.000000,0.000000,0.000000
DISPENSER,MOVE,0.000000,0.855462,0.830023,0.000000,0.000000,0.000000,0.000000,0.000000,0.188473,0.031612,0.000000,0.000000,0.000000,0.000000
DISPENSER,MOVE,0.000000,0.832781,0.813378,0.000000,0.000000,0.000000,0.000000,0.000000,0.188473,0.031612,0.000000,0.000000,0.000000,0.000000
DISPENSER,MOVE,0.000000,0.808110,0.798622,0.000000,0.000000,0.000000,0.000000,0.000000,0.188473,0.031612,0.000000,0.000000,0.000000,0.000000
DISPENSER,MOVE,0.000000,0.781913,0.786286,0.000000,0.000000,0.000000,0.000000,0.000000,0.188473,0.031612,0.000000,0.000000,0.000000,0.000000
DISPENSER,MOVE,0.000000,0.792025,0.775804,0.000000,0.000000,0.000000,0.000000,0.000000,0.188473,0.031612,0.000000,0.000000,0.000000,0.000000
DISPENSER,MOVE,0.000000,0.804320,0.766059,0.000000,0.000000,0.000000,0.000000,0.000000,0.188473,0.031612,0.000000,0.000000,0.000000,0.000000
DISPENSER,MOVE,0.000000,0.777479,0.755511,0.000000,0.000000,0.000000,0.000000,0.000000,0.188473,0.031612,0.000000,0.000000,0.000000,0.000000
DISPENSER,MOVE,0.000000,0.747425,0.741947,0.000000,0.000000,0.000000,0.000000,0.000000,0.188473,0.031612,0.000000,0.000000,0.000000,0.000000
DISPENSER,MOVE,0.000000,0.714471,0.724106,0.000000,0.000000,0.000000,0.000000,0.000000,0.188473,0.031612,0.000000,0.000000,0.000000,0.000000
DISPENSER,MOVE,0.000000,0.679111,0.722991,0.000000,0.000000,0.000000,0.000000,0.000000,0.188473,0.031612,0.000000,0.000000,0.000000,0.000000
DISPENSER,MOVE,0.000000,0.642092,0.716514,0.000000,0.000000,0.000000,0.000000,0.000000,0.188473,0.031612,0.000000,0.000000,0.000000,0.000000
DISPENSER,MOVE,0.000000,0.604097,0.690822,0.000000,0.000000,0.000000,0.000000,0.000000,0.188473,0.031612,0.000000,0.000000,0.000000,0.000000
DISPENSER,MOVE,0.000000,0.565858,0.660343,0.000000,0.000000,0.000000,0.000000,0.000000,0.188473,0.031612,0.000000,0.000000,0.000000,0.000000
DISPENSER,MOVE,0.000000,0.599730,0.626572,0.000000,0.000000,0.000000,0.000000,0.000000,0.188473,0.031612,0.000000,0.000000,0.000000,0.000000
DISPENSER,MOVE,0.000000,0.599015,0.651219,0.000000,0.000000,0.000000,0.000000,0.000000,0.188473,0.031612,0.000000,0.000000,0.000000,0.000000
DISPENSER,MOVE,0.000000,0.598599,0.677641,0.000000,0.000000,0.000000,0.000000,0.000000,0.188473,0.031612,0.000000,0.000000,0.000000,0.000000
DISPENSER,MOVE,0.000000,0.639983,0.707221,0.000000,0.000000,0.000000,0.000000,0.000000,0.188473,0.031612,0.000000,0.000000,0.000000,0.000000
DISPENSER,MOVE,0.000000,0.686995,0.741610,0.000000,0.000000,0.000000,0.000000,0.000000,0.188473,0.031612,0.000000,0.000000,0.000000,0.000000
DISPENSER,MOVE,0.000000,0.739834,0.781942,0.000000,0.000000,0.000000,0.000000,0.000000,0.188473,0.031612,0.000000,0.000000,0.000000,0.000000
DISPENSER,MOVE,0.000000,0.798167,0.806737,0.000000,0.000000,0.000000,0.000000,0.000000,0.188473,0.031612,0.000000,0.000000,0.000000,0.000000
DISPENSER,MOVE,0.000000,0.861166,0.837329,0.000000,0.000000,0.000000,0.000000,0.000000,0.188473,0.031612,0.000000,0.000000,0.000000,0.000000
DISPENSER,MOVE,0.000000,0.928089,0.887422,0.000000,0.000000,0.000000,0.000000,0.000000,0.188473,0.031612,0.000000,0.000000,0.000000,0.000000
DISPENSER,MOVE,0.000000,0.998063,0.908938,0.000000,0.000000,0.000000,0.000000,0.000000,0.188473,0.031612,0.000000,0.000000,0.000000,0.000000
DISPENSER,MOVE,0.000000,0.998733,0.938714,0.000000,0.000000,0.000000,0.000000,0.000000,0.188473,0.031612,0.000000,0.000000,0.000000,0.000000
DISPENSER,MOVE,0.000000,0.999447,0.915637,0.000000,0.000000,0.000000,0.000000,0.000000,0.188473,0.031612,0.000000,0.000000,0.000000,0.000000
DISPENSER,MOVE,0.000000,0.999863,0.896800,0.000000,0.000000,0.000000,0.000000,0.000000,0.188473,0.031612,0.000000,0.000000,0.000000,0.000000
DISPENSER,MOVE,0.000000,0.999999,0.891160,0.000000,0.000000,0.000000,0.000000,0.000000,0.188473,0.031612,0.000000,0.000000,0.000000,0.000000
DISPENSER,MOVE,0.000000,0.999999,0.887597,0.000000,0.000000,0.000000,0.000000,0.000000,0.188473,0.031612,0.000000,0.000000,0.000000,0.000000
DISPENSER,MOVE,0.000000,0.985411,0.872607,0.000000,0.000000,0.000000,0.000000,0.000000,0.188473,0.031612,0.000000,0.000000,0.000000,0.000000
DISPENSER,MOVE,0.000000,0.973353,0.859814,0.000000,0.000000,0.000000,0.000000,0.000000,0.188473,0.031612,0.000000,0.000000,0.000000,0.000000
DISPENSER,MOVE,0.000000,0.963197,0.848591,0.000000,0.000000,0.000000,0.000000,0.000000,0.188473,0.031612,0.000000,0.000000,0.000000,0.000000
DISPENSER,MOVE,0.000000,0.954568,0.838498,0.000000,0.000000,0.000000,0.000000,0.000000,0.188473,0.031612,0.000000,0.000000,0.000000,0.000000
DISPENSER,MOVE,0.000000,0.947119,0.862220,0.000000,0.000000,0.000000,0.000000,0.000000,0.188473,0.031612,0.000000,0.000000,0.000000,0.000000
DISPENSER,MOVE,0.000000,0.947119,0.880424,0.000000,0.000000,0.000000,0.000000,0.000000,0.188473,0.031612,0.000000,0.000000,0.000000,0.000000
MOVE,MOVE,0.000000,0.936497,0.903501,0.000000,0.000000,0.000000,0.000000,0.000000,0.188473,0.031612,0.000000,0.000000,0.000000,0.000000
MOVE,MOVE,0.000000,0.924492,0.908323,0.000000,0.000000,0.000000,0.000000,0.000000,0.188473,0.031612,0.000000,0.000000,0.000000,0.000000
MOVE,MOVE,0.000000,0.909565,0.895832,0.000000,0.000000,0.000000,0.000000,0.000000,0.188473,0.031612,0.000000,0.000000,0.000000,0.000000
MOVE,MOVE,0.000000,0.890110,0.875573,0.000000,0.000000,0.000000,0.000000,0.000000,0.188473,0.031612,0.000000,0.000000,0.000000,0.000000
MOVE,MOVE,0.000000,0.879271,0.860087,0.000000,0.000000,0.000000,0.000000,0.000000,0.188473,0.031612,0.000000,0.000000,0.000000,0.000000
MOVE,MOVE,0.000000,0.858632,0.834830,0.000000,0.000000,0.000000,0.000000,0.000000,0.188473,0.031612,0.000000,0.000000,0.000000,0.000000
MOVE,MOVE,0.000000,0.827889,0.799764,0.000000,0.000000,0.000000,0.000000,0.000000,0.188473,0.031612,0.000000,0.000000,0.000000,0.000000
MOVE,MOVE,0.000000,0.786800,0.755289,0.000000,0.000000,0.000000,0.000000,0.000000,0.188473,0.031612,0.000000,0.000000,0.000000,0.000000
MOVE,MOVE,0.000000,0.735752,0.702438,0.000000,0.000000,0.000000,0.000000,0.000000,0.188473,0.030047,0.000000,0.000000,0.000000,0.000000
MOVE,MOVE,0.000000,0.668968,0.642751,0.000000,0.000000,0.000000,0.000000,0.000000,0.189996,0.027349,0.000000,0.000000,0.000000,0.000000
MOVE,MOVE,0.000000,0.605304,0.566845,0.000000,0.000000,0.000000,0.000000,0.000000,0.191519,0.043101,0.000000,0.000000,0.000000,0.000000
MOVE,MOVE,0.000000,0.536501,0.499492,0.000000,0.000000,0.000000,0.000000,0.000000,0.187370,0.040240,0.000000,0.000000,0.000000,0.000000
MOVE,MOVE,0.000000,0.465345,0.431768,0.000000,0.000000,0.000000,0.000000,0.000000,0.177352,0.037231,0.000000,0.000000,0.000000,0.000000
MOVE,MOVE,0.000000,0.394548,0.366130,0.000000,0.000000,0.000000,0.000000,0.000000,0.167335,0.034126,0.000000,0.000000,0.000000,0.000000
MOVE,MOVE,0.000000,0.326677,0.304341,0.000000,0.000000,0.000000,0.000000,0.000000,0.154394,0.030989,0.000000,0.000000,0.000000,0.000000
MOVE,MOVE,0.000000,0.263925,0.255075,0.000000,0.000000,0.000000,0.000000,0.000000,0.140329,0.027850,0.000000,0.000000,0.000000,0.000000
MOVE,MOVE,0.000000,0.207871,0.211041,0.000000,0.000000,0.000000,0.000000,0.000000,0.125291,0.024696,0.000000,0.000000,0.000000,0.000000
MOVE,MOVE,0.000000,0.159625,0.172965,0.000000,0.000000,0.000000,0.000000,0.000000,0.110253,0.021540,0.000000,0.000000,0.000000,0.000000
MOVE,MOVE,0.000000,0.119487,0.140936,0.000000,0.000000,0.000000,0.000000,0.000000,0.094955,0.019946,0.000000,0.000000,0.000000,0.000000
MOVE,MOVE,0.000000,0.087191,0.121846,0.000000,0.000000,0.000000,0.000000,0.000000,0.077700,0.019484,0.000000,0.000000,0.000000,0.000000
MOVE,MOVE,0.000000,0.062095,0.106882,0.000000,0.000000,0.000000,0.000000,0.000000,0.060302,0.000572,0.000000,0.000000,0.000000,0.000000
MOVE,MOVE,0.000000,0.043315,0.095604,0.000000,0.000000,0.000000,0.000000,0.000000,0.048658,0.000272,0.000000,0.000000,0.000000,0.000000
MOVE,MOVE,0.000000,0.029666,0.087209,0.000000,0.000000,0.000000,0.000000,0.000000,0.042883,0.000120,0.000000,0.000000,0.000000,0.000000
MOVE,MOVE,0.000000,0.021115,0.081188,0.000000,0.000000,0.000000,0.000000,0.000000,0.037051,0.000063,0.000000,0.000000,0.000000,0.000000
MOVE,MOVE,0.000000,0.015248,0.073810,0.000000,0.000000,0.000000,0.000000,0.000000,0.034080,0.000039,0.000000,0.000000,0.000000,0.000000
MOVE,MOVE,0.000000,0.011280,0.061393,0.000000,0.000000,0.000000,0.000000,0.000000,0.032270,0.000017,0.000000,0.000000,0.000000,0.000000
MOVE,MOVE,0.000000,0.008634,0.051914,0.000000,0.000000,0.000000,0.000000,0.000000,0.031438,0.000010,0.000000,0.000000,0.000000,0.000000
MOVE,MOVE,0.000000,0.006878,0.044708,0.000000,0.000000,0.000000,0.000000,0.000000,0.030659,0.000005,0.000000,0.000000,0.000000,0.000000
MOVE,MOVE,0.000000,0.005594,0.039203,0.000000,0.000000,0.000000,0.000000,0.000000,0.030175,0.000003,0.000000,0.000000,0.000000,0.000000
MOVE,MOVE,0.000000,0.004727,0.027916,0.000000,0.000000,0.000000,0.000000,0.000000,0.030333,0.000001,0.000000,0.000000,0.000000,0.000000
MOVE,MOVE,0.000000,0.004142,0.018845,0.000000,0.000000,0.000000,0.000000,0.000000,0.030642,0.000001,0.000000,0.000000,0.000000,0.000000
MOVE,MOVE,0.000000,0.003735,0.011534,0.000000,0.000000,0.000000,0.000000,0.000000,0.030902,0.000000,0.000000,0.000000,0.000000,0.000000
MOVE,MOVE,0.000000,0.003470,0.005815,0.000000,0.000000,0.000000,0.000000,0.000000,0.031179,0.000000,0.000000,0.000000,0.000000,0.000000
MOVE,MOVE,0.000000,0.002275,0.001315,0.000000,0.000000,0.000000,0.000000,0.000000,0.031508,0.000000,0.000000,0.000000,0.000000,0.000000
MOVE,MOVE,0.000000,0.001442,0.000971,0.000000,0.000000,0.000000,0.000000,0.000000,0.032055,0.000000,0.000000,0.000000,0.000000,0.000000
MOVE,MOVE,0.000000,0.000859,0.000713,0.000000,0.000000,0.000000,0.000000,0.000000,0.032627,0.000000,0.000000,0.000000,0.000000,0.000000
MOVE,MOVE,0.000000,0.000460,0.000521,0.000000,0.000000,0.000000,0.000000,0.000000,0.032569,0.000000,0.000000,0.000000,0.000000,0.000000
MOVE,MOVE,0.000000,0.000180,0.000375,0.000000,0.000000,0.000000,0.000000,0.000000,0.032436,0.000000,0.000000,0.000000,0.000000,0.000000
MOVE,MOVE,0.000000,0.000099,0.000268,0.000000,0.000000,0.000000,0.000000,0.000000,0.031252,0.000000,0.000000,0.000000,0.000000,0.000000
MOVE,MOVE,0.000000,0.000046,0.000189,0.000000,0.000000,0.000000,0.000000,0.000000,0.029208,0.000000,0.000000,0.000000,0.000000,0.000000
MOVE,MOVE,0.000000,0.000013,0.000131,0.000000,0.000000,0.000000,0.000000,0.000000,0.027153,0.000000,0.000000,0.000000,0.000000,0.000000
MOVE,MOVE,0.000000,0.000008,0.000090,0.000000,0.000000,0.000000,0.000000,0.000000,0.024641,0.000000,0.000000,0.000000,0.000000,0.000000
MOVE,MOVE,0.000000,0.000005,0.000061,0.000000,0.000000,0.000000,0.000000,0.000000,0.021843,0.000000,0.000000,0.000000,0.000000,0.000000
MOVE,MOVE,0.000000,0.000003,0.000042,0.000000,0.000000,0.000000,0.000000,0.000000,0.019051,0.000000,0.000000,0.000000,0.000000,0.000000
MOVE,MOVE,0.000000,0.000002,0.000029,0.000000,0.000000,0.000000,0.000000,0.000000,0.016109,0.000000,0.000000,0.000000,0.000000,0.000000
MOVE,MOVE,0.000000,0.000002,0.000021,0.000000,0.000000,0.000000,0.000000,0.000000,0.012950,0.000000,0.000000,0.000000,0.000000,0.000000
MOVE,MOVE,0.000000,0.000001,0.000015,0.000000,0.000000,0.000000,0.000000,0.000000,0.010419,0.000000,0.000000,0.000000,0.000000,0.000000
MOVE,MOVE,0.000000,0.000001,0.000012,0.000000,0.000000,0.000000,0.000000,0.000000,0.007823,0.000000,0.000000,0.000000,0.000000,0.000000
MOVE,MOVE,0.000000,0.000001,0.000010,0.000000,0.000000,0.000000,0.000000,0.000000,0.006248,0.000000,0.000000,0.000000,0.000000,0.000000
MOVE,MOVE,0.000000,0.000001,0.000009,0.000000,0.000000,0.000000,0.000000,0.000000,0.005283,0.000000,0.000000,0.000000,0.000000,0.000000
MOVE,MOVE,0.000000,0.000002,0.013106,0.000000,0.000000,0.000000,0.000000,0.000000,0.004325,0.000000,0.000000,0.000000,0.000000,0.000000
MOVE,MOVE,0.000000,0.000003,0.014458,0.000000,0.000000,0.000000,0.000000,0.000000,0.003787,0.000000,0.000000,0.000000,0.000000,0.000000
MOVE,MOVE,0.000000,0.000005,0.016265,0.000000,0.000000,0.000000,0.000000,0.000000,0.003519,0.000000,0.000000,0.000000,0.000000,0.000000
MOVE,MOVE,0.000000,0.000006,0.018468,0.000000,0.000000,0.000000,0.000000,0.000000,0.003255,0.000000,0.000000,0.000000,0.000000,0.000000
MOVE,MOVE,0.000000,0.000008,0.021567,0.000000,0.000000,0.000000,0.000000,0.000000,0.002988,0.000000,0.000000,0.000000,0.000000,0.000000
MOVE,MOVE,0.000000,0.000009,0.025561,0.000000,0.000000,0.000000,0.000000,0.000000,0.002881,0.000000,0.000000,0.000000,0.000000,0.000000
MOVE,MOVE,0.000000,0.000010,0.031305,0.000000,0.000000,0.000000,0.000000,0.000000,0.002800,0.000000,0.000000,0.000000,0.000000,0.000000
MOVE,MOVE,0.000000,0.000010,0.039812,0.000000,0.000000,0.000000,0.000000,0.000000,0.002808,0.000001,0.000000,0.000000,0.000000,0.000000
MOVE,MOVE,0.000000,0.000010,0.051527,0.000000,0.000000,0.000000,0.000000,0.000000,0.002874,0.000001,0.000000,0.000000,0.000000,0.000000
MOVE,MOVE,0.000000,0.000010,0.068781,0.000000,0.000000,0.000000,0.000000,0.000000,0.002986,0.000001,0.000000,0.000000,0.000000,0.000000
MOVE,MOVE,0.000000,0.000009,0.079149,0.000000,0.000000,0.000000,0.000000,0.000000,0.003228,0.000002,0.000000,0.000000,0.000000,0.000000
MOVE,MOVE,0.000000,0.000008,0.110324,0.000000,0.000000,0.000000,0.000000,0.000000,0.003481,0.000004,0.000000,0.000000,0.000000,0.000000
MOVE,MOVE,0.000000,0.000072,0.150332,0.000000,0.000000,0.000000,0.000000,0.000000,0.004007,0.000011,0.000000,0.000000,0.000000,0.000000
MOVE,MOVE,0.000000,0.000090,0.201732,0.000000,0.000000,0.000000,0.000000,0.000000,0.004988,0.000031,0.000000,0.000000,0.000000,0.000000
MOVE,MOVE,0.000000,0.000091,0.266194,0.000000,0.000000,0.000000,0.000000,0.000000,0.005985,0.000051,0.000000,0.000000,0.000000,0.000000
MOVE,MOVE,0.000000,0.000090,0.342863,0.000000,0.000000,0.000000,0.000000,0.000000,0.007780,0.000112,0.000000,0.000000,0.000000,0.000000
MOVE,MOVE,0.000000,0.000090,0.354896,0.000000,0.000000,0.000000,0.000000,0.000000,0.009528,0.000317,0.000000,0.000000,0.000000,0.000000
MOVE,MOVE,0.000000,0.000089,0.372195,0.000000,0.000000,0.000000,0.000000,0.000000,0.011239,0.000676,0.000000,0.000000,0.000000,0.000000
MOVE,MOVE,0.000000,0.000089,0.395589,0.000000,0.000000,0.000000,0.000000,0.000000,0.012883,0.001029,0.000000,0.000000,0.000000,0.000000
MOVE,MOVE,0.000000,0.000089,0.422903,0.000000,0.000000,0.000000,0.000000,0.000000,0.016262,0.001595,0.000000,0.000000,0.000000,0.000000
MOVE,MOVE,0.000000,0.000089,0.454066,0.000000,0.000000,0.000000,0.000000,0.000000,0.019508,0.002552,0.000000,0.000000,0.000000,0.000000
MOVE,MOVE,0.000000,0.000089,0.521538,0.000000,0.000000,0.000000,0.000000,0.000000,0.026409,0.003967,0.000000,0.000000,0.000000,0.000000
MOVE,MOVE,0.000000,0.000024,0.579722,0.000000,0.000000,0.000000,0.000000,0.000000,0.037845,0.005762,0.000000,0.000000,0.000000,0.000000
MOVE,MOVE,0.000000,0.000004,0.626118,0.000000,0.000000,0.000000,0.000000,0.000000,0.048806,0.009462,0.000000,0.000000,0.000000,0.000000
MOVE,MOVE,0.000000,0.000001,0.658557,0.000000,0.000000,0.000000,0.000000,0.000000,0.066689,0.015046,0.000000,0.000000,0.000000,0.000000
MOVE,MOVE,0.000000,0.000000,0.677892,0.000000,0.000000,0.000000,0.000000,0.000000,0.091691,0.021664,0.000000,0.000000,0.000000,0.000000
THROW,MOVE,0.000000,0.000000,0.760114,0.000000,0.000000,0.000000,0.000000,0.000000,0.124069,0.029402,0.000000,0.000000,0.000000,0.000000
THROW,MOVE,0.000000,0.000000,0.825312,0.000000,0.000000,0.000000,0.000000,0.000000,0.158489,0.039894,0.000000,0.000000,0.000000,0.000000
THROW,MOVE,0.000000,0.000000,0.882273,0.000000,0.000000,0.000000,0.000000,0.000000,0.197626,0.054538,0.000000,0.000000,0.000000,0.000000
THROW,MOVE,0.000000,0.000000,0.937704,0.000000,0.000000,0.000000,0.000000,0.000000,0.237905,0.071058,0.000000,0.000000,0.000000,0.000000
THROW,THROW,0.000000,0.000000,0.000000,0.000000,0.000000,0.000000,0.000000,0.000000,0.000000,0.000000,0.000000,0.000000,0.000000,0.000000
THROW,THROW,0.000000,0.000000,0.000000,0.000000,0.000000,0.000000,0.000000,0.000000,0.000000,0.000000,0.000000,0.000000,0.000000,0.000000
THROW,THROW,0.000000,0.000000,0.000000,0.000000,0.000000,0.000000,0.000000,0.000000,0.000000,0.000000,0.000000,0.000000,0.000000,0.000000
THROW,THROW,0.000000,0.000000,0.000000,0.000000,0.000000,0.000000,0.000000,0.000000,0.000000,0.000000,0.000000,0.000000,0.000000,0.000000
THROW,THROW,0.000000,0.000000,0.000000,0.000000,0.000000,0.000000,0.000000,0.000000,0.000000,0.000000,0.000000,0.000000,0.000000,0.000000
THROW,THROW,0.000000,0.000000,0.000000,0.000000,0.000000,0.000000,0.000000,0.000000,0.000000,0.000000,0.000000,0.000000,0.000000,0.000000
THROW,THROW,0.000000,0.000000,0.000000,0.000000,0.000000,0.000000,0.000000,0.000000,0.000000,0.000000,0.000000,0.000000,0.000000,0.000000
THROW,THROW,0.000000,0.000000,0.000000,0.000000,0.000000,0.000000,0.000000,0.000000,0.000000,0.000000,0.000000,0.000000,0.000000,0.000000
THROW,THROW,0.000000,0.000000,0.000000,0.000000,0.000000,0.000000,0.000000,0.000000,0.000000,0.000000,0.000000,0.000000,0.000000,0.000000
THROW,THROW,0.000000,0.000000,0.000000,0.000000,0.000000,0.000000,0.000000,0.000000,0.000000,0.000000,0.000000,0.000000,0.000000,0.000000
THROW,THROW,0.000000,0.000000,0.000000,0.000000,0.000000,0.000000,0.000000,0.000000,0.000000,0.000000,0.000000,0.000000,0.000000,0.000000
THROW,THROW,0.000000,0.000000,0.000000,0.000000,0.000000,0.000000,0.000000,0.000000,0.000000,0.000000,0.000000,0.000000,0.000000,0.000000
THROW,THROW,0.000000,0.000000,0.000000,0.000000,0.000000,0.000000,0.000000,0.000000,0.000000,0.000000,0.000000,0.000000,0.000000,0.000000
THROW,THROW,0.000000,0.000000,0.000000,0.000000,0.000000,0.000000,0.000000,0.000000,0.000000,0.000000,0.000000,0.000000,0.000000,0.000000
THROW,THROW,0.000000,0.000000,0.000000,0.000000,0.000000,0.000000,0.000000,0.000000,0.000000,0.000000,0.000000,0.000000,0.000000,0.000000
THROW,THROW,0.000000,0.000000,0.000000,0.000000,0.000000,0.000000,0.000000,0.000000,0.000000,0.000000,0.000000,0.000000,0.000000,0.000000
THROW,THROW,0.000000,0.000000,0.000000,0.000000,0.000000,0.000000,0.000000,0.000000,0.000000,0.000000,0.000000,0.000000,0.000000,0.000000
THROW,THROW,0.000000,0.000000,0.000000,0.000000,0.000000,0.000000,0.000000,0.000000,0.000000,0.000000,0.000000,0.000000,0.000000,0.000000
THROW,THROW,0.000000,0.000000,0.000000,0.000000,0.000000,0.000000,0.000000,0.000000,0.000000,0.000000,0.000000,0.000000,0.000000,0.000000
THROW,THROW,0.000000,0.000000,0.000000,0.000000,0.000000,0.000000,0.000000,0.000000,0.000000,0.000000,0.000000,0.000000,0.000000,0.000000
THROW,THROW,0.000000,0.000000,0.000000,0.000000,0.000000,0.000000,0.000000,0.000000,0.000000,0.000000,0.000000,0.000000,0.000000,0.000000
THROW,THROW,0.000000,0.000000,0.000000,0.000000,0.000000,0.000000,0.000000,0.000000,0.000000,0.000000,0.000000,0.000000,0.000000,0.000000
THROW,THROW,0.000000,0.000000,0.000000,0.000000,0.000000,0.000000,0.000000,0.000000,0.000000,0.000000,0.000000,0.000000,0.000000,0.000000
THROW,THROW,0.000000,0.000000,0.000000,0.000000,0.000000,0.000000,0.000000,0.000000,0.000000,0.000000,0.000000,0.000000,0.000000,0.000000
RELEASE,THROW,0.000000,0.000000,0.000000,0.000000,0.000000,0.000000,0.000000,0.000000,0.000000,0.000000,0.000000,0.000000,0.000000,0.000000
RELEASE,THROW,0.000000,0.000000,0.000000,0.000000,0.000000,0.000000,0.000000,0.000000,0.000000,0.000000,0.000000,0.000000,0.000000,0.000000
RELEASE,RELEASE,0.000000,0.000000,0.000000,0.000000,0.000000,0.000000,0.000000,0.000000,0.000000,0.000000,0.000000,0.000000,0.000000,0.000000
RELEASE,RELEASE,0.000000,0.000000,0.000000,0.000000,0.000000,0.000000,0.000000,0.000000,0.000000,0.000000,0.000000,0.000000,0.000000,0.000000
RELEASE,RELEASE,0.000000,0.000000,0.000000,0.000000,0.000000,0.000000,0.000000,0.000000,0.000000,0.000000,0.000000,0.000000,0.000000,0.000000
RELEASE,RELEASE,0.000000,0.000000,0.000000,0.000000,0.000000,0.000000,0.000000,0.000000,0.000000,0.000000,0.000000,0.000000,0.000000,0.000000
RELEASE,RELEASE,0.000000,0.000000,0.000000,0.000000,0.000000,0.000000,0.000000,0.000000,0.000000,0.000000,0.000000,0.000000,0.000000,0.000000
RELEASE,RELEASE,0.000000,0.000000,0.000000,0.000000,0.000000,0.000000,0.000000,0.000000,0.000000,0.000000,0.000000,0.000000,0.000000,0.000000
RELEASE,RELEASE,0.000000,0.000000,0.000000,0.000000,0.000000,0.000000,0.000000,0.000000,0.000000,0.000000,0.000000,0.000000,0.000000,0.000000
RELEASE,RELEASE,0.000000,0.000000,0.000000,0.000000,0.000000,0.000000,0.000000,0.000000,0.000000,0.000000,0.000000,0.000000,0.000000,0.000000
RELEASE,RELEASE,0.000000,0.000000,0.000000,0.000000,0.000000,0.000000,0.000000,0.000000,0.000000,0.000000,0.000000,0.000000,0.000000,0.000000
RELEASE,RELEASE,0.000000,0.000000,0.000000,0.000000,0.000000,0.000000,0.000000,0.000000,0.000000,0.000000,0.000000,0.000000,0.000000,0.000000
RELEASE,RELEASE,0.000000,0.000000,0.000000,0.000000,0.000000,0.000000,0.000000,0.000000,0.000000,0.000000,0.000000,0.000000,0.000000,0.000000
RELEASE,RELEASE,0.000000,0.000000,0.000000,0.000000,0.000000,0.000000,0.000000,0.000000,0.000000,0.000000,0.000000,0.000000,0.000000,0.000000
RELEASE,RELEASE,0.000000,0.000000,0.000000,0.000000,0.000000,0.000000,0.000000,0.000000,0.000000,0.000000,0.000000,0.000000,0.000000,0.000000
RELEASE,RELEASE,0.000000,0.000000,0.000000,0.000000,0.000000,0.000000,0.000000,0.000000,0.000000,0.000000,0.000000,0.000000,0.000000,0.000000
RELEASE,RELEASE,0.000000,0.000000,0.000000,0.000000,0.000000,0.000000,0.000000,0.000000,0.000000,0.000000,0.000000,0.000000,0.000000,0.000000
RELEASE,RELEASE,0.000000,0.000000,0.000000,0.000000,0.000000,0.000000,0.000000,0.000000,0.000000,0.000000,0.000000,0.000000,0.000000,0.000000
RELEASE,RELEASE,0.000000,0.000000,0.000000,0.000000,0.000000,0.000000,0.000000,0.000000,0.000000,0.000000,0.000000,0.000000,0.000000,0.000000
RELEASE,RELEASE,0.000000,0.000000,0.000000,0.000000,0.000000,0.000000,0.000000,0.000000,0.000000,0.000000,0.000000,0.000000,0.000000,0.000000
RELEASE,RELEASE,0.000000,0.000000,0.000000,0.000000,0.000000,0.000000,0.000000,0.000000,0.000000,0.000000,0.000000,0.000000,0.000000,0.000000
RELEASE,RELEASE,0.000000,0.000000,0.000000,0.000000,0.000000,0.000000,0.000000,0.000000,0.000000,0.000000,0.000000,0.000000,0.000000,0.000000
RELEASE,RELEASE,0.000000,0.000000,0.000000,0.000000,0.000000,0.000000,0.000000,0.000000,0.000000,0.000000,0.000000,0.000000,0.000000,0.000000
RELEASE,RELEASE,0.000000,0.000000,0.000000,0.000000,0.000000,0.000000,0.000000,0.000000,0.000000,0.000000,0.000000,0.000000,0.000000,0.000000
RELEASE,RELEASE,0.000000,0.000000,0.000000,0.000000,0.000000,0.000000,0.000000,0.000000,0.000000,0.000000,0.000000,0.000000,0.000000,0.000000
RELEASE,RELEASE,0.000000,0.000000,0.000000,0.000000,0.000000,0.000000,0.000000,0.000000,0.000000,0.000000,0.000000,0.000000,0.000000,0.000000
RELEASE,RELEASE,0.000000,0.000000,0.000000,0.000000,0.000000,0.000000,0.000000,0.000000,0.000000,0.000000,0.000000,0.000000,0.000000,0.000000
RELEASE,RELEASE,0.000000,0.000000,0.000000,0.000000,0.000000,0.000000,0.000000,0.000000,0.000000,0.000000,0.000000,0.000000,0.000000,0.000000
RELEASE,RELEASE,0.000000,0.000000,0.000000,0.000000,0.000000,0.000000,0.000000,0.000000,0.000000,0.000000,0.000000,0.000000,0.000000,0.000000
RELEASE,RELEASE,0.000000,0.000000,0.000000,0.000000,0.000000,0.000000,0.000000,0.000000,0.000000,0.000000,0.000000,0.000000,0.000000,0.000000
RELEASE,RELEASE,0.000000,0.000000,0.000000,0.000000,0.000000,0.000000,0.000000,0.000000,0.000000,0.000000,0.000000,0.000000,0.000000,0.000000
RELEASE,RELEASE,0.000000,0.000000,0.000000,0.000000,0.000000,0.000000,0.000000,0.000000,0.000000,0.000000,0.000000,0.000000,0.000000,0.000000
RELEASE,RELEASE,0.000000,0.000000,0.000000,0.000000,0.000000,0.000000,0.000000,0.000000,0.000000,0.000000,0.000000,0.000000,0.000000,0.000000
RELEASE,RELEASE,0.000000,0.000000,0.000000,0.000000,0.000000,0.000000,0.000000,0.000000,0.000000,0.000000,0.000000,0.000000,0.000000,0.000000
RELEASE,RELEASE,0.000000,0.000000,0.000000,0.000000,0.000000,0.000000,0.000000,0.000000,0.000000,0.000000,0.000000,0.000000,0.000000,0.000000
RELEASE,RELEASE,0.000000,0.000000,0.000000,0.000000,0.000000,0.000000,0.000000,0.000000,0.000000,0.000000,0.000000,0.000000,0.000000,0.000000
RELEASE,RELEASE,0.000000,0.000000,0.000000,0.000000,0.000000,0.000000,0.000000,0.000000,0.000000,0.000000,0.000000,0.000000,0.000000,0.000000
RELEASE,RELEASE,0.000000,0.000000,0.000000,0.000000,0.000000,0.000000,0.000000,0.000000,0.000000,0.000000,0.000000,0.000000,0.000000,0.000000
RELEASE,RELEASE,0.000000,0.000000,0.000000,0.000000,0.000000,0.000000,0.000000,0.000000,0.000000,0.000000,0.000000,0.000000,0.000000,0.000000
RELEASE,RELEASE,0.000000,0.000000,0.000000,0.000000,0.000000,0.000000,0.000000,0.000000,0.000000,0.000000,0.000000,0.000000,0.000000,0.000000
RELEASE,RELEASE,0.000000,0.000000,0.000000,0.000000,0.000000,0.000000,0.000000,0.000000,0.000000,0.000000,0.000000,0.000000,0.000000,0.000000
RELEASE,RELEASE,0.000000,0.000000,0.000000,0.000000,0.000000,0.000000,0.000000,0.000000,0.000000,0.000000,0.000000,0.000000,0.000000,0.000000
RELEASE,RELEASE,0.000000,0.000000,0.000000,0.000000,0.000000,0.000000,0.000000,0.000000,0.000000,0.000000,0.000000,0.000000,0.000000,0.000000
RELEASE,RELEASE,0.000000,0.000000,0.000000,0.000000,0.000000,0.000000,0.000000,0.000000,0.000000,0.000000,0.000000,0.000000,0.000000,0.000000
RELEASE,RELEASE,0.000000,0.000000,0.000000,0.000000,0.000000,0.000000,0.000000,0.000000,0.000000,0.000000,0.000000,0.000000,0.000000,0.000000
RELEASE,RELEASE,0.000000,0.000000,0.000000,0.000000,0.000000,0.000000,0.000000,0.000000,0.000000,0.000000,0.000000,0.000000,0.000000,0.000000
RELEASE,RELEASE,0.000000,0.000000,0.000000,0.000000,0.000000,0.000000,0.000000,0.000000,0.000000,0.000000,0.000000,0.000000,0.000000,0.000000
RELEASE,RELEASE,0.000000,0.000000,0.000000,0.000000,0.000000,0.000000,0.000000,0.000000,0.000000,0.000000,0.000000,0.000000,0.000000,0.000000
RELEASE,RELEASE,0.000000,0.000000,0.000000,0.000000,0.000000,0.000000,0.000000,0.000000,0.000000,0.000000,0.000000,0.000000,0.000000,0.000000
RELEASE,RELEASE,0.000000,0.000000,0.000000,0.000000,0.000000,0.000000,0.000000,0.000000,0.000000,0.000000,0.000000,0.000000,0.000000,0.000000
RELEASE,RELEASE,0.000000,0.000000,0.000000,0.000000,0.000000,0.000000,0.000000,0.000000,0.000000,0.000000,0.000000,0.000000,0.000000,0.000000
RELEASE,RELEASE,0.000000,0.000000,0.000000,0.000000,0.000000,0.000000,0.000000,0.000000,0.000000,0.000000,0.000000,0.000000,0.000000,0.000000
RELEASE,RELEASE,0.000000,0.000000,0.000000,0.000000,0.000000,0.000000,0.000000,0.000000,0.000000,0.000000,0.000000,0.000000,0.000000,0.000000
RELEASE,RELEASE,0.000000,0.000000,0.000000,0.000000,0.000000,0.000000,0.000000,0.000000,0.000000,0.000000,0.000000,0.000000,0.000000,0.000000
RELEASE,RELEASE,0.000000,0.000000,0.000000,0.000000,0.000000,0.000000,0.000000,0.000000,0.000000,0.000000,0.000000,0.000000,0.000000,0.000000
RELEASE,RELEASE,0.000000,0.000000,0.000000,0.000000,0.000000,0.000000,0.000000,0.000000,0.000000,0.000000,0.000000,0.000000,0.000000,0.000000
RELEASE,RELEASE,0.000000,0.000000,0.000000,0.000000,0.000000,0.000000,0.000000,0.000000,0.000000,0.000000,0.000000,0.000000,0.000000,0.000000
RELEASE,RELEASE,0.000000,0.000000,0.000000,0.000000,0.000000,0.000000,0.000000,0.000000,0.000000,0.000000,0.000000,0.000000,0.000000,0.000000
RELEASE,RELEASE,0.000000,0.000000,0.000000,0.000000,0.000000,0.000000,0.000000,0.000000,0.000000,0.000000,0.000000,0.000000,0.000000,0.000000
RELEASE,RELEASE,0.000000,0.000000,0.000000,0.000000,0.000000,0.000000,0.000000,0.000000,0.000000,0.000000,0.000000,0.000000,0.000000,0.000000
RELEASE,RELEASE,0.000000,0.000000,0.000000,0.000000,0.000000,0.000000,0.000000,0.000000,0.000000,0.000000,0.000000,0.000000,0.000000,0.000000
RELEASE,RELEASE,0.000000,0.000000,0.000000,0.000000,0.000000,0.000000,0.000000,0.000000,0.000000,0.000000,0.000000,0.000000,0.000000,0.000000
RELEASE,RELEASE,0.000000,0.000000,0.000000,0.000000,0.000000,0.000000,0.000000,0.000000,0.000000,0.000000,0.000000,0.000000,0.000000,0.000000
RELEASE,RELEASE,0.000000,0.000000,0.000000,0.000000,0.000000,0.000000,0.000000,0.000000,0.000000,0.000000,0.000000,0.000000,0.000000,0.000000
RELEASE,RELEASE,0.000000,0.000000,0.000000,0.000000,0.000000,0.000000,0.000000,0.000000,0.000000,0.000000,0.000000,0.000000,0.000000,0.000000
RELEASE,RELEASE,0.000000,0.000000,0.000000,0.000000,0.000000,0.000000,0.000000,0.000000,0.000000,0.000000,0.000000,0.000000,0.000000,0.000000
RELEASE,RELEASE,0.000000,0.000000,0.000000,0.000000,0.000000,0.000000,0.000000,0.000000,0.000000,0.000000,0.000000,0.000000,0.000000,0.000000
RELEASE,RELEASE,0.000000,0.000000,0.000000,0.000000,0.000000,0.000000,0.000000,0.000000,0.000000,0.000000,0.000000,0.000000,0.000000,0.000000
RELEASE,RELEASE,0.000000,0.000000,0.000000,0.000000,0.000000,0.000000,0.000000,0.000000,0.000000,0.000000,0.000000,0.000000,0.000000,0.000000
RELEASE,RELEASE,0.000000,0.000000,0.000000,0.000000,0.000000,0.000000,0.000000,0.000000,0.000000,0.000000,0.000000,0.000000,0.000000,0.000000
RELEASE,RELEASE,0.000000,0.000000,0.000000,0.000000,0.000000,0.000000,0.000000,0.000000,0.000000,0.000000,0.000000,0.000000,0.000000,0.000000
RELEASE,RELEASE,0.000000,0.000000,0.000000,0.000000,0.000000,0.000000,0.000000,0.000000,0.000000,0.000000,0.000000,0.000000,0.000000,0.000000
RELEASE,RELEASE,0.000000,0.000000,0.000000,0.000000,0.000000,0.000000,0.000000,0.000000,0.000000,0.000000,0.000000,0.000000,0.000000,0.000000
RELEASE,RELEASE,0.000000,0.000000,0.000000,0.000000,0.000000,0.000000,0.000000,0.000000,0.000000,0.000000,0.000000,0.000000,0.000000,0.000000
RELEASE,RELEASE,0.000000,0.000000,0.000000,0.000000,0.000000,0.000000,0.000000,0.000000,0.000000,0.000000,0.000000,0.000000,0.000000,0.000000
RELEASE,RELEASE,0.000000,0.000000,0.000000,0.000000,0.000000,0.000000,0.000000,0.000000,0.000000,0.000000,0.000000,0.000000,0.000000,0.000000
RELEASE,RELEASE,0.000000,0.000000,0.000000,0.000000,0.000000,0.000000,0.000000,0.000000,0.000000,0.000000,0.000000,0.000000,0.000000,0.000000
RELEASE,RELEASE,0.000000,0.000000,0.000000,0.000000,0.000000,0.000000,0.000000,0.000000,0.000000,0.000000,0.000000,0.000000,0.000000,0.000000
RELEASE,RELEASE,0.000000,0.000000,0.000000,0.000000,0.000000,0.000000,0.000000,0.000000,0.000000,0.000000,0.000000,0.000000,0.000000,0.000000
RELEASE,RELEASE,0.000000,0.000000,0.000000,0.000000,0.000000,0.000000,0.000000,0.000000,0.000000,0.000000,0.000000,0.000000,0.000000,0.000000
RELEASE,RELEASE,0.000000,0.000000,0.000000,0.000000,0.000000,0.000000,0.000000,0.000000,0.000000,0.000000,0.000000,0.000000,0.000000,0.000000
RELEASE,RELEASE,0.000000,0.000000,0.000000,0.000000,0.000000,0.000000,0.000000,0.000000,0.000000,0.000000,0.000000,0.000000,0.000000,0.000000
RELEASE,RELEASE,0.000000,0.000000,0.000000,0.000000,0.000000,0.000000,0.000000,0.000000,0.000000,0.000000,0.000000,0.000000,0.000000,0.000000
RELEASE,RELEASE,0.000000,0.000000,0.000000,0.000000,0.000000,0.000000,0.000000,0.000000,0.000000,0.000000,0.000000,0.000000,0.000000,0.000000
RELEASE,RELEASE,0.000000,0.000000,0.000000,0.000000,0.000000,0.000000,0.000000,0.000000,0.000000,0.000000,0.000000,0.000000,0.000000,0.000000
RELEASE,RELEASE,0.000000,0.000000,0.000000,0.000000,0.000000,0.000000,0.000000,0.000000,0.000000,0.000000,0.000000,0.000000,0.000000,0.000000
RELEASE,RELEASE,0.000000,0.000000,0.000000,0.000000,0.000000,0.000000,0.000000,0.000000,0.000000,0.000000,0.000000,0.000000,0.000000,0.000000
RELEASE,RELEASE,0.000000,0.000000,0.000000,0.000000,0.000000,0.000000,0.000000,0.000000,0.000000,0.000000,0.000000,0.000000,0.000000,0.000000
RELEASE,RELEASE,0.000000,0.000000,0.000000,0.000000,0.000000,0.000000,0.000000,0.000000,0.000000,0.000000,0.000000,0.000000,0.000000,0.000000
RELEASE,RELEASE,0.000000,0.000000,0.000000,0.000000,0.000000,0.000000,0.000000,0.000000,0.000000,0.000000,0.000000,0.000000,0.000000,0.000000
RELEASE,RELEASE,0.000000,0.000000,0.000000,0.000000,0.000000,0.000000,0.000000,0.000000,0.000000,0.000000,0.000000,0.000000,0.000000,0.000000
RELEASE,RELEASE,0.000000,0.000000,0.000000,0.000000,0.000000,0.000000,0.000000,0.000000,0.000000,0.000000,0.000000,0.000000,0.000000,0.000000
RELEASE,RELEASE,0.000000,0.000000,0.000000,0.000000,0.000000,0.000000,0.000000,0.000000,0.000000,0.000000,0.000000,0.000000,0.000000,0.000000
RELEASE,RELEASE,0.000000,0.000000,0.000000,0.000000,0.000000,0.000000,0.000000,0.000000,0.000000,0.000000,0.000000,0.000000,0.000000,0.000000
RELEASE,RELEASE,0.000000,0.000000,0.000000,0.000000,0.000000,0.000000,0.000000,0.000000,0.000000,0.000000,0.000000,0.000000,0.000000,0.000000
RELEASE,RELEASE,0.000000,0.000000,0.000000,0.000000,0.000000,0.000000,0.000000,0.000000,0.000000,0.000000,0.000000,0.000000,0.000000,0.000000
RELEASE,RELEASE,0.000000,0.000000,0.000000,0.000000,0.000000,0.000000,0.000000,0.000000,0.000000,0.000000,0.000000,0.000000,0.000000,0.000000
RELEASE,RELEASE,0.000000,0.000000,0.000000,0.000000,0.000000,0.000000,0.000000,0.000000,0.000000,0.000000,0.000000,0.000000,0.000000,0.000000
RELEASE,RELEASE,0.000000,0.000000,0.000000,0.000000,0.000000,0.000000,0.000000,0.000000,0.000000,0.000000,0.000000,0.000000,0.000000,0.000000
RELEASE,RELEASE,0.000000,0.000000,0.000000,0.000000,0.000000,0.000000,0.000000,0.000000,0.000000,0.000000,0.000000,0.000000,0.000000,0.000000
RELEASE,RELEASE,0.000000,0.000000,0.000000,0.000000,0.000000,0.000000,0.000000,0.000000,0.000000,0.000000,0.000000,0.000000,0.000000,0.000000
RELEASE,RELEASE,0.000000,0.000000,0.000000,0.000000,0.000000,0.000000,0.000000,0.000000,0.000000,0.000000,0.000000,0.000000,0.000000,0.000000
RELEASE,RELEASE,0.000000,0.000000,0.000000,0.000000,0.000000,0.000000,0.000000,0.000000,0.000000,0.000000,0.000000,0.000000,0.000000,0.000000
RELEASE,RELEASE,0.000000,0.000000,0.000000,0.000000,0.000000,0.000000,0.000000,0.000000,0.000000,0.000000,0.000000,0.000000,0.000000,0.000000
RELEASE,RELEASE,0.000000,0.000000,0.000000,0.000000,0.000000,0.000000,0.000000,0.000000,0.000000,0.000000,0.000000,0.000000,0.000000,0.000000
RELEASE,RELEASE,0.000000,0.000000,0.000000,0.000000,0.000000,0.000000,0.000000,0.000000,0.000000,0.000000,0.000000,0.000000,0.000000,0.000000
RELEASE,RELEASE,0.000000,0.000000,0.000000,0.000000,0.000000,0.000000,0.000000,0.000000,0.000000,0.000000,0.000000,0.000000,0.000000,0.000000
RELEASE,RELEASE,0.000000,0.000000,0.000000,0.000000,0.000000,0.000000,0.000000,0.000000,0.000000,0.000000,0.000000,0.000000,0.000000,0.000000
RELEASE,RELEASE,0.000000,0.000000,0.000000,0.000000,0.000000,0.000000,0.000000,0.000000,0.000000,0.000000,0.000000,0.000000,0.000000,0.000000
RELEASE,RELEASE,0.000000,0.000000,0.000000,0.000000,0.000000,0.000000,0.000000,0.000000,0.000000,0.000000,0.000000,0.000000,0.000000,0.000000
RELEASE,RELEASE,0.000000,0.000000,0.000000,0.000000,0.000000,0.000000,0.000000,0.000000,0.000000,0.000000,0.000000,0.000000,0.000000,0.000000
RELEASE,RELEASE,0.000000,0.000000,0.000000,0.000000,0.000000,0.000000,0.000000,0.000000,0.000000,0.000000,0.000000,0.000000,0.000000,0.000000
RELEASE,RELEASE,0.000000,0.000000,0.000000,0.000000,0.000000,0.000000,0.000000,0.000000,0.000000,0.000000,0.000000,0.000000,0.000000,0.000000
RELEASE,RELEASE,0.000000,0.000000,0.000000,0.000000,0.000000,0.000000,0.000000,0.000000,0.000000,0.000000,0.000000,0.000000,0.000000,0.000000
RELEASE,RELEASE,0.000000,0.000000,0.000000,0.000000,0.000000,0.000000,0.000000,0.000000,0.000000,0.000000,0.000000,0.000000,0.000000,0.000000
RELEASE,RELEASE,0.000000,0.000000,0.000000,0.000000,0.000000,0.000000,0.000000,0.000000,0.000000,0.000000,0.000000,0.000000,0.000000,0.000000
RELEASE,RELEASE,0.000000,0.000000,0.000000,0.000000,0.000000,0.000000,0.000000,0.000000,0.000000,0.000000,0.000000,0.000000,0.000000,0.000000
RELEASE,RELEASE,0.000000,0.000000,0.000000,0.000000,0.000000,0.000000,0.000000,0.000000,0.000000,0.000000,0.000000,0.000000,0.000000,0.000000
RELEASE,RELEASE,0.000000,0.000000,0.000000,0.000000,0.000000,0.000000,0.000000,0.000000,0.000000,0.000000,0.000000,0.000000,0.000000,0.000000
RELEASE,RELEASE,0.000000,0.000000,0.000000,0.000000,0.000000,0.000000,0.000000,0.000000,0.000000,0.000000,0.000000,0.000000,0.000000,0.000000
RELEASE,RELEASE,0.000000,0.000000,0.000000,0.000000,0.000000,0.000000,0.000000,0.000000,0.000000,0.000000,0.000000,0.000000,0.000000,0.000000
RELEASE,RELEASE,0.000000,0.000000,0.000000,0.000000,0.000000,0.000000,0.000000,0.000000,0.000000,0.000000,0.000000,0.000000,0.000000,0.000000
RELEASE,RELEASE,0.000000,0.000000,0.000000,0.000000,0.000000,0.000000,0.000000,0.000000,0.000000,0.000000,0.000000,0.000000,0.000000,0.000000
RELEASE,RELEASE,0.000000,0.000000,0.000000,0.000000,0.000000,0.000000,0.000000,0.000000,0.000000,0.000000,0.000000,0.000000,0.000000,0.000000
RELEASE,RELEASE,0.000000,0.000000,0.000000,0.000000,0.000000,0.000000,0.000000,0.000000,0.000000,0.000000,0.000000,0.000000,0.000000,0.000000
RELEASE,RELEASE,0.000000,0.000000,0.000000,0.000000,0.000000,0.000000,0.000000,0.000000,0.000000,0.000000,0.000000,0.000000,0.000000,0.000000
RELEASE,RELEASE,0.000000,0.000000,0.000000,0.000000,0.000000,0.000000,0.000000,0.000000,0.000000,0.000000,0.000000,0.000000,0.000000,0.000000
RELEASE,RELEASE,0.000000,0.000000,0.000000,0.000000,0.000000,0.000000,0.000000,0.000000,0.000000,0.000000,0.000000,0.000000,0.000000,0.000000
RELEASE,RELEASE,0.000000,0.000000,0.000000,0.000000,0.000000,0.000000,0.000000,0.000000,0.000000,0.000000,0.000000,0.000000,0.000000,0.000000
RELEASE,RELEASE,0.000000,0.000000,0.000000,0.000000,0.000000,0.000000,0.000000,0.000000,0.000000,0.000000,0.000000,0.000000,0.000000,0.000000
RELEASE,RELEASE,0.000000,0.000000,0.000000,0.000000,0.000000,0.000000,0.000000,0.000000,0.000000,0.000000,0.000000,0.000000,0.000000,0.000000
RELEASE,RELEASE,0.000000,0.000000,0.000000,0.000000,0.000000,0.000000,0.000000,0.000000,0.000000,0.000000,0.000000,0.000000,0.000000,0.000000
RELEASE,RELEASE,0.000000,0.000000,0.000000,0.000000,0.000000,0.000000,0.000000,0.000000,0.000000,0.000000,0.000000,0.000000,0.000000,0.000000
RELEASE,RELEASE,0.000000,0.000000,0.000000,0.000000,0.000000,0.000000,0.000000,0.000000,0.000000,0.000000,0.000000,0.000000,0.000000,0.000000
RELEASE,RELEASE,0.000000,0.000000,0.000000,0.000000,0.000000,0.000000,0.000000,0.000000,0.000000,0.000000,0.000000,0.000000,0.000000,0.000000
RELEASE,RELEASE,0.000000,0.000000,0.000000,0.000000,0.000000,0.000000,0.000000,0.000000,0.000000,0.000000,0.000000,0.000000,0.000000,0.000000
RELEASE,RELEASE,0.000000,0.000000,0.000000,0.000000,0.000000,0.000000,0.000000,0.000000,0.000000,0.000000,0.000000,0.000000,0.000000,0.000000
RELEASE,RELEASE,0.000000,0.000000,0.000000,0.000000,0.000000,0.000000,0.000000,0.000000,0.000000,0.000000,0.000000,0.000000,0.000000,0.000000
RELEASE,RELEASE,0.000000,0.000000,0.000000,0.000000,0.000000,0.000000,0.000000,0.000000,0.000000,0.000000,0.000000,0.000000,0.000000,0.000000
RELEASE,RELEASE,0.000000,0.000000,0.000000,0.000000,0.000000,0.000000,0.000000,0.000000,0.000000,0.000000,0.000000,0.000000,0.000000,0.000000
RELEASE,RELEASE,0.000000,0.000000,0.000000,0.000000,0.000000,0.000000,0.000000,0.000000,0.000000,0.000000,0.000000,0.000000,0.000000,0.000000
RELEASE,RELEASE,0.000000,0.000000,0.000000,0.000000,0.000000,0.000000,0.000000,0.000000,0.000000,0.000000,0.000000,0.000000,0.000000,0.000000
RELEASE,RELEASE,0.000000,0.000000,0.000000,0.000000,0.000000,0.000000,0.000000,0.000000,0.000000,0.000000,0.000000,0.000000,0.000000,0.000000
RELEASE,RELEASE,0.000000,0.000000,0.000000,0.000000,0.000000,0.000000,0.000000,0.000000,0.000000,0.000000,0.000000,0.000000,0.000000,0.000000
RELEASE,RELEASE,0.000000,0.000000,0.000000,0.000000,0.000000,0.000000,0.000000,0.000000,0.000000,0.000000,0.000000,0.000000,0.000000,0.000000
RELEASE,RELEASE,0.000000,0.000000,0.000000,0.000000,0.000000,0.000000,0.000000,0.000000,0.000000,0.000000,0.000000,0.000000,0.000000,0.000000
RELEASE,RELEASE,0.000000,0.000000,0.000000,0.000000,0.000000,0.000000,0.000000,0.000000,0.000000,0.000000,0.000000,0.000000,0.000000,0.000000
RELEASE,RELEASE,0.000000,0.000000,0.000000,0.000000,0.000000,0.000000,0.000000,0.000000,0.000000,0.000000,0.000000,0.000000,0.000000,0.000000
RELEASE,RELEASE,0.000000,0.000000,0.000000,0.000000,0.000000,0.000000,0.000000,0.000000,0.000000,0.000000,0.000000,0.000000,0.000000,0.000000
RELEASE,RELEASE,0.000000,0.000000,0.000000,0.000000,0.000000,0.000000,0.000000,0.000000,0.000000,0.000000,0.000000,0.000000,0.000000,0.000000
RELEASE,RELEASE,0.000000,0.000000,0.000000,0.000000,0.000000,0.000000,0.000000,0.000000,0.000000,0.000000,0.000000,0.000000,0.000000,0.000000
RELEASE,RELEASE,0.000000,0.000000,0.000000,0.000000,0.000000,0.000000,0.000000,0.000000,0.000000,0.000000,0.000000,0.000000,0.000000,0.000000
RELEASE,RELEASE,0.000000,0.000000,0.000000,0.000000,0.000000,0.000000,0.000000,0.000000,0.000000,0.000000,0.000000,0.000000,0.000000,0.000000
RELEASE,RELEASE,0.000000,0.000000,0.000000,0.000000,0.000000,0.000000,0.000000,0.000000,0.000000,0.000000,0.000000,0.000000,0.000000,0.000000
RELEASE,RELEASE,0.000000,0.000000,0.000000,0.000000,0.000000,0.000000,0.000000,0.000000,0.000000,0.000000,0.000000,0.000000,0.000000,0.000000
RELEASE,RELEASE,0.000000,0.000000,0.000000,0.000000,0.000000,0.000000,0.000000,0.000000,0.000000,0.000000,0.000000,0.000000,0.000000,0.000000
RELEASE,RELEASE,0.000000,0.000000,0.000000,0.000000,0.000000,0.000000,0.000000,0.000000,0.000000,0.000000,0.000000,0.000000,0.000000,0.000000
RELEASE,RELEASE,0.000000,0.000000,0.000000,0.000000,0.000000,0.000000,0.000000,0.000000,0.000000,0.000000,0.000000,0.000000,0.000000,0.000000
RELEASE,RELEASE,0.000000,0.000000,0.000000,0.000000,0.000000,0.000000,0.000000,0.000000,0.000000,0.000000,0.000000,0.000000,0.000000,0.000000
RELEASE,RELEASE,0.000000,0.000000,0.000000,0.000000,0.000000,0.000000,0.000000,0.000000,0.000000,0.000000,0.000000,0.000000,0.000000,0.000000
RELEASE,RELEASE,0.000000,0.000000,0.000000,0.000000,0.000000,0.000000,0.000000,0.000000,0.000000,0.000000,0.000000,0.000000,0.000000,0.000000
RELEASE,RELEASE,0.000000,0.000000,0.000000,0.000000,0.000000,0.000000,0.000000,0.000000,0.000000,0.000000,0.000000,0.000000,0.000000,0.000000
RELEASE,RELEASE,0.000000,0.000000,0.000000,0.000000,0.000000,0.000000,0.000000,0.000000,0.000000,0.000000,0.000000,0.000000,0.000000,0.000000
RELEASE,RELEASE,0.000000,0.000000,0.000000,0.000000,0.000000,0.000000,0.000000,0.000000,0.000000,0.000000,0.000000,0.000000,0.000000,0.000000
RELEASE,RELEASE,0.000000,0.000000,0.000000,0.000000,0.000000,0.000000,0.000000,0.000000,0.000000,0.000000,0.000000,0.000000,0.000000,0.000000
RELEASE,RELEASE,0.000000,0.000000,0.000000,0.000000,0.000000,0.000000,0.000000,0.000000,0.000000,0.000000,0.000000,0.000000,0.000000,0.000000
RELEASE,RELEASE,0.000000,0.000000,0.000000,0.000000,0.000000,0.000000,0.000000,0.000000,0.000000,0.000000,0.000000,0.000000,0.000000,0.000000
RELEASE,RELEASE,0.000000,0.000000,0.000000,0.000000,0.000000,0.000000,0.000000,0.000000,0.000000,0.000000,0.000000,0.000000,0.000000,0.000000
RELEASE,RELEASE,0.000000,0.000000,0.000000,0.000000,0.000000,0.000000,0.000000,0.000000,0.000000,0.000000,0.000000,0.000000,0.000000,0.000000
RELEASE,RELEASE,0.000000,0.000000,0.000000,0.000000,0.000000,0.000000,0.000000,0.000000,0.000000,0.000000,0.000000,0.000000,0.000000,0.000000
RELEASE,RELEASE,0.000000,0.000000,0.000000,0.000000,0.000000,0.000000,0.000000,0.000000,0.000000,0.000000,0.000000,0.000000,0.000000,0.000000
RELEASE,RELEASE,0.000000,0.000000,0.000000,0.000000,0.000000,0.000000,0.000000,0.000000,0.000000,0.000000,0.000000,0.000000,0.000000,0.000000
