0,0,0,0,0,-1,0.110583,0.498871,-0.198631,1.87079
1,0,0,0,0,-1,0.111283,0.500182,-0.198931,1.86753
2,0,0,0,0,-1,0.110935,0.500629,-0.19886,1.86898
3,0,0,0,0,-1,0.11097,0.499718,-0.198796,1.869
4,0,0,0,0,-1,0.111264,0.500515,-0.198802,1.86804
5,0,0,0,0,-1,0.111387,0.50064,-0.198884,1.86736
6,0,0,0,0,-1,0.111495,0.500989,-0.199004,1.86664
7,0,0,0,0,-1,0.11155,0.501489,-0.199154,1.866
8,0,0,0,0,-1,0.111177,0.501696,-0.199649,1.86567
9,0,0,0,0,-1,0.11106,0.501997,-0.199656,1.86607
10,0,0,0,0,-1,0.110697,0.501977,-0.199915,1.86646
11,0,0,0,0,-1,0.110384,0.501922,-0.200105,1.8669
12,0,0,0,0,-1,0.11052,0.501784,-0.199994,1.86679
13,0,0,0,0,-1,0.110915,0.501674,-0.199486,1.86709
14,0,0,0,0,-1,0.11059,0.501283,-0.199995,1.86652
15,0,0,0,0,-1,0.110602,0.501067,-0.199951,1.8666
16,0,0,0,0,-1,0.110853,0.500864,-0.199796,1.86624
17,0,0,0,0,-1,0.110187,0.500224,-0.200261,1.86694
18,0,0,0,0,-1,0.110277,0.500567,-0.200412,1.86617
19,0,0,0,0,-1,0.110764,0.500466,-0.199858,1.86631
20,0,0,0,0,-1,0.110766,0.500429,-0.199593,1.86716
21,0,0,0,0,-1,0.110375,0.500007,-0.199867,1.86757
22,0,0,0,0,-1,0.111237,0.499095,-0.199013,1.86734
23,0,0,0,0,-1,0.11255,0.496426,-0.197989,1.86601
24,0,0,0,0,-1,0.113548,0.495062,-0.197459,1.86424
25,3,0,0,0.00589736,0,0.114345,0.494256,-0.197177,1.86239
26,1,0,0,0.00553607,0,0.115271,0.494264,-0.196645,1.86097
27,1,0,0,0.00498756,0,0.115489,0.496654,-0.196979,1.85932
28,1,0,0,0.00605465,0,0.114448,0.500727,-0.197971,1.85993
29,1,0,0,0.00805876,0,0.113911,0.504014,-0.198594,1.85997
30,1,0,0,0.00891396,0,0.113616,0.506771,-0.198915,1.86014
31,1,0,0,0.00977234,0,0.113179,0.510114,-0.199157,1.86108
32,1,0,0,0.00839014,0,0.112747,0.511811,-0.199455,1.86171
33,1,0,0,0.00695687,0,0.11284,0.51351,-0.199365,1.86181
34,1,0,0,0.00528059,0,0.113095,0.514459,-0.19913,1.86177
35,1,0,0,0.00508659,0,0.11534,0.515848,-0.197428,1.85977
36,1,0,0,0.00793041,0,0.119829,0.515567,-0.194058,1.85544
37,1,0,0,0.0136076,0,0.126721,0.515338,-0.188385,1.85042
38,1,0,0,0.0204841,0,0.13572,0.513749,-0.181045,1.84355
39,1,0,0,0.0290454,0,0.147476,0.511376,-0.171712,1.83373
40,1,0,0,0.0411154,0,0.16197,0.505305,-0.161475,1.81727
41,1,0,0,0.0522269,0,0.177413,0.497855,-0.150848,1.79875
42,1,0,0,0.0633669,0,0.192926,0.487417,-0.141097,1.77692
43,1,0,3,0.0737382,1,0.208146,0.474614,-0.132412,1.75246
44,1,0,3,0.0812708,1,0.221195,0.45899,-0.126013,1.72774
45,1,0,3,0.0821891,1,0.230777,0.44312,-0.122081,1.70678
46,1,0,3,0.0829355,1,0.2371,0.42444,-0.121396,1.68615
47,1,0,3,0.0834837,1,0.240554,0.404498,-0.123571,1.66589
48,1,0,3,0.0847657,1,0.241328,0.38301,-0.128341,1.64619
49,1,0,5,0.0864597,0,0.239753,0.361323,-0.135469,1.62681
50,1,0,5,0.0881853,0,0.23529,0.338675,-0.144999,1.60937
51,1,0,3,0.0890177,1,0.228977,0.317361,-0.156527,1.59182
52,1,0,3,0.0914681,1,0.219756,0.295454,-0.17127,1.57368
53,1,0,3,0.0911133,1,0.208786,0.275912,-0.187272,1.55757
54,1,0,3,0.0892618,1,0.196434,0.25894,-0.204499,1.54236
55,1,0,3,0.0879686,1,0.182425,0.244118,-0.223673,1.52662
56,1,0,3,0.0847901,1,0.168242,0.232499,-0.242768,1.51196
57,1,0,3,0.0778257,1,0.154799,0.225723,-0.260411,1.49985
58,1,0,3,0.0717644,1,0.141485,0.222205,-0.277924,1.48797
59,1,0,3,0.0659647,1,0.128434,0.221119,-0.294762,1.47757
60,1,0,3,0.0597634,1,0.116502,0.222559,-0.309974,1.46883
61,1,0,3,0.0547812,1,0.10486,0.225551,-0.324454,1.46159
62,1,0,3,0.0500622,1,0.0940826,0.229534,-0.337515,1.45609
63,1,3,3,0.044366,1,0.0842181,0.232627,-0.348857,1.45301
64,1,3,3,0.0398753,1,0.0743245,0.236511,-0.359764,1.4515
65,1,3,3,0.0340816,1,0.0660883,0.238961,-0.368245,1.45213
66,1,3,3,0.0284276,1,0.0590398,0.240383,-0.375103,1.45392
67,1,3,3,0.0227865,1,0.0536153,0.240088,-0.380039,1.45631
68,1,3,3,0.0183424,1,0.0492591,0.239538,-0.384011,1.45817
69,1,3,3,0.0133939,1,0.0474624,0.23617,-0.385267,1.45996
70,1,3,3,0.0109981,1,0.0464704,0.232336,-0.386031,1.46057
71,1,3,3,0.0125612,1,0.0463461,0.226182,-0.385868,1.46107
72,1,3,3,0.0167293,1,0.0463724,0.218307,-0.38563,1.46117
73,1,3,3,0.0220834,1,0.0463233,0.208432,-0.385583,1.46077
74,1,3,3,0.0268238,1,0.0463532,0.197482,-0.385644,1.45967
75,1,3,3,0.0312748,1,0.0460603,0.185332,-0.385961,1.45874
76,1,3,3,0.0348936,1,0.0455879,0.172343,-0.38643,1.45788
77,1,3,3,0.0345697,1,0.0462985,0.16202,-0.383901,1.46292
78,1,3,3,0.0354143,1,0.0469319,0.150938,-0.381343,1.46826
79,1,3,3,0.0382015,1,0.0468721,0.138774,-0.378753,1.47599
80,1,3,3,0.0398294,1,0.0472371,0.126094,-0.376572,1.4809
81,1,3,3,0.0424936,1,0.0461217,0.110013,-0.376817,1.48272
82,1,3,3,0.0479622,1,0.0434839,0.0899197,-0.380084,1.47961
83,1,3,3,0.0542944,1,0.0413373,0.0690283,-0.38289,1.47626
84,1,3,3,0.0598362,1,0.0394542,0.0478653,-0.385956,1.47116
85,1,3,3,0.0634139,1,0.0375048,0.0261541,-0.387906,1.46986
86,1,3,3,0.0608377,1,0.0370551,0.0080965,-0.38744,1.47158
87,1,3,3,0.0579687,1,0.037003,-0.0096851,-0.38702,1.47182
88,1,3,3,0.054541,1,0.0378705,-0.0262458,-0.385745,1.4718
89,1,3,3,0.0511024,1,0.0389152,-0.0418156,-0.384589,1.47086
90,1,3,3,0.0467526,1,0.0405955,-0.0552703,-0.383144,1.46886
91,1,3,3,0.0422639,1,0.0448622,-0.0665727,-0.378709,1.46793
92,1,3,3,0.0369087,1,0.0506046,-0.0749843,-0.372906,1.46665
93,1,3,3,0.0313621,1,0.0564819,-0.0807436,-0.367563,1.4636
94,1,3,3,0.0254731,1,0.0616988,-0.0821127,-0.36468,1.45513
95,1,3,3,0.0238249,1,0.0655193,-0.0802684,-0.364107,1.44414
96,1,3,3,0.0271016,1,0.0663313,-0.0770445,-0.366907,1.43252
97,1,3,3,0.0249467,1,0.0662472,-0.0723974,-0.368373,1.42839
98,1,3,3,0.0218082,1,0.0635226,-0.0662344,-0.371627,1.42753
99,1,3,3,0.0172642,1,0.0598864,-0.060432,-0.373916,1.43288
100,1,3,3,0.0183012,1,0.0559554,-0.055658,-0.376123,1.43942
101,1,3,3,0.0214456,1,0.0531342,-0.0502553,-0.377502,1.44493
102,1,3,3,0.0216017,1,0.0492877,-0.0435687,-0.381884,1.44426
103,1,3,3,0.0222346,1,0.0470628,-0.0353811,-0.384792,1.44298
104,1,3,3,0.0249326,1,0.0465392,-0.0251918,-0.38603,1.44149
105,1,3,3,0.0295429,1,0.0470088,-0.0128422,-0.385815,1.44149
106,1,3,3,0.0348068,1,0.0468779,0.00120839,-0.386183,1.44177
107,1,3,3,0.0403446,1,0.0475715,0.0171712,-0.385867,1.44161
108,1,3,3,0.0450237,1,0.0484663,0.033983,-0.385764,1.44013
109,1,3,3,0.049223,1,0.0500293,0.051965,-0.385226,1.43788
110,1,3,3,0.0532553,1,0.0505971,0.0712955,-0.385846,1.43535
111,1,3,3,0.0576386,1,0.0528466,0.0923952,-0.384712,1.43293
112,1,3,3,0.0605587,1,0.05322,0.11349,-0.385584,1.43037
113,1,3,3,0.0628977,1,0.0527891,0.135101,-0.38717,1.42827
114,1,3,3,0.0638171,1,0.0523666,0.156227,-0.388747,1.42613
115,1,3,3,0.0639507,1,0.0556801,0.177408,-0.386095,1.42503
116,1,3,3,0.0624882,1,0.0570399,0.197296,-0.385141,1.42496
117,1,3,3,0.0598468,1,0.0607248,0.215489,-0.382143,1.42351
118,1,3,3,0.0563919,1,0.0642551,0.232217,-0.378895,1.42328
119,1,3,3,0.0516254,1,0.0637979,0.24711,-0.380249,1.42153
120,1,3,3,0.04628,1,0.0643628,0.260063,-0.379962,1.42149
121,1,3,3,0.0407832,1,0.0654,0.271141,-0.379012,1.42186
122,1,3,3,0.0356955,1,0.0666486,0.280788,-0.377444,1.42341
123,1,3,3,0.028745,1,0.0664853,0.286942,-0.378682,1.4204
124,1,3,3,0.0260181,1,0.0741547,0.293192,-0.369451,1.42477
125,1,3,3,0.0244215,1,0.0792538,0.297825,-0.363205,1.42806
126,1,3,3,0.0237323,1,0.0858196,0.300002,-0.355645,1.43045
127,1,3,3,0.0260533,1,0.0933913,0.301279,-0.34646,1.43464
128,1,3,1,0.0357749,0,0.10481,0.30207,-0.331583,1.4442
129,1,3,1,0.0368059,0,0.113541,0.300271,-0.320744,1.4496
130,1,3,1,0.0288394,0,0.117634,0.298822,-0.316847,1.44824
131,1,3,1,0.023972,0,0.12129,0.295283,-0.312436,1.44988
132,1,3,1,0.0205964,0,0.124075,0.290604,-0.308566,1.45264
133,1,3,1,0.0193301,0,0.125728,0.284571,-0.305587,1.45625
134,1,3,1,0.0214839,0,0.126959,0.277573,-0.302706,1.46091
135,1,3,1,0.0339617,0,0.133322,0.267327,-0.292114,1.47294
136,1,3,1,0.0441799,0,0.140568,0.255143,-0.280973,1.4836
137,1,3,1,0.0524399,0,0.149297,0.240797,-0.268851,1.49225
138,1,3,1,0.0591455,0,0.159797,0.225393,-0.25519,1.4998
139,1,3,1,0.0735581,0,0.175002,0.204449,-0.234683,1.51319
140,1,3,1,0.0789098,0,0.188743,0.18403,-0.217323,1.52137
141,1,3,1,0.0876191,0,0.204669,0.160283,-0.196851,1.53198
142,1,3,1,0.09094,0,0.218137,0.135923,-0.17986,1.53961
143,1,3,1,0.0943645,0,0.230723,0.108556,-0.163669,1.54741
144,1,3,1,0.0917755,0,0.238568,0.0810368,-0.153799,1.55079
145,1,3,1,0.0982028,0,0.247551,0.0471376,-0.141215,1.55864
146,1,3,1,0.101287,0,0.252787,0.0133406,-0.132857,1.56551
147,1,3,1,0.110265,0,0.258806,-0.0250637,-0.121878,1.5779
148,1,3,1,0.119014,0,0.263935,-0.06469,-0.110823,1.59347
149,1,3,1,0.125356,0,0.269261,-0.104376,-0.0998431,1.60812
150,1,3,1,0.128444,0,0.274025,-0.142479,-0.0885695,1.62576
151,1,3,1,0.129585,0,0.280171,-0.179817,-0.0761632,1.64243
152,1,3,1,0.127074,0,0.287673,-0.215875,-0.0633028,1.65606
153,1,3,1,0.122747,0,0.294973,-0.249614,-0.0506693,1.6698
154,1,3,1,0.117836,0,0.302194,-0.283435,-0.0393256,1.67963
155,1,3,1,0.113191,0,0.306693,-0.316119,-0.0303317,1.69115
156,1,3,1,0.107816,0,0.307974,-0.347685,-0.0250073,1.70178
157,1,3,1,0.10194,0,0.304854,-0.376552,-0.023639,1.71472
158,1,3,1,0.0967466,0,0.298106,-0.40436,-0.0263122,1.72694
159,1,3,1,0.0923216,0,0.287175,-0.429067,-0.032497,1.7422
160,1,3,1,0.0858112,0,0.274916,-0.450938,-0.0417493,1.75222
161,1,3,1,0.080831,0,0.260359,-0.470843,-0.0534691,1.76217
162,1,3,1,0.0770946,0,0.24396,-0.488993,-0.0674023,1.77133
163,1,3,1,0.0728434,0,0.226888,-0.504839,-0.0833819,1.77631
164,1,3,1,0.0697861,0,0.208948,-0.518691,-0.100654,1.78018
165,1,3,1,0.068157,0,0.190625,-0.53157,-0.118702,1.7829
166,1,3,1,0.0651466,0,0.172675,-0.54091,-0.136708,1.78474
167,1,3,1,0.0625069,0,0.154942,-0.54853,-0.155018,1.785
168,1,3,1,0.059468,0,0.13822,-0.555603,-0.171796,1.78682
169,1,1,1,0.0558298,0,0.122358,-0.560887,-0.187757,1.78851
170,1,1,1,0.0519905,0,0.107274,-0.564632,-0.202832,1.79055
171,1,1,1,0.0485031,0,0.0927776,-0.56767,-0.21689,1.79395
172,1,1,1,0.044508,0,0.0797736,-0.569333,-0.229488,1.79711
173,1,1,1,0.0401177,0,0.0687518,-0.568843,-0.241184,1.79663
174,1,1,1,0.034501,0,0.060179,-0.567792,-0.249803,1.79785
175,1,1,1,0.0280481,0,0.0540813,-0.566678,-0.255779,1.79925
176,1,1,1,0.0210165,0,0.0508769,-0.565591,-0.259458,1.79827
177,1,1,1,0.0143849,0,0.049638,-0.565024,-0.261243,1.79672
178,1,1,1,0.00834437,0,0.049126,-0.565037,-0.261634,1.79719
179,1,1,1,0.00487216,0,0.0493096,-0.565571,-0.261905,1.79565
180,1,1,1,0.00273211,0,0.0497449,-0.56553,-0.261591,1.79519
181,1,1,1,0.00304826,0,0.0502616,-0.565985,-0.261517,1.79365
182,1,1,1,0.00258114,0,0.0504998,-0.566101,-0.261403,1.7932
183,1,1,1,0.00168349,0,0.0512819,-0.564873,-0.260129,1.79477
184,1,1,1,0.00187736,0,0.0514916,-0.564208,-0.260153,1.79402
185,1,1,1,0.00252466,0,0.0514846,-0.563863,-0.260752,1.79213
186,2,1,1,0.00233611,0,0.0515984,-0.562916,-0.260005,1.79424
187,0,1,1,0,0,0.0517087,-0.562294,-0.259332,1.79609
188,0,1,1,0,0,0.0513617,-0.563041,-0.260331,1.79397
189,0,1,1,0,0,0.0513073,-0.562792,-0.260434,1.79384
190,0,1,1,0,0,0.0523301,-0.561733,-0.259222,1.79438
191,0,1,1,0,0,0.0528707,-0.56132,-0.259471,1.79176
192,0,1,1,0,0,0.0539191,-0.559726,-0.259153,1.78935
193,0,1,1,0,0,0.0548315,-0.559085,-0.25821,1.78936
194,0,1,1,0,0,0.0556291,-0.557974,-0.257161,1.79014
195,0,1,1,0,0,0.0553323,-0.558281,-0.257463,1.79014
196,0,1,1,0,0,0.0548842,-0.558532,-0.257716,1.79082
197,0,1,1,0,0,0.0544715,-0.559425,-0.257894,1.79158
198,0,1,1,0,0,0.0543614,-0.559625,-0.25784,1.79212
199,0,1,1,0,0,0.0544791,-0.560087,-0.257725,1.79206
200,0,1,1,0,0,0.0543403,-0.561015,-0.258329,1.7905
201,0,1,1,0,0,0.0542183,-0.561214,-0.258929,1.78895
202,0,1,1,0,0,0.0543656,-0.56138,-0.258968,1.78831
203,0,1,1,0,0,0.0542658,-0.561537,-0.259721,1.78619
204,0,1,1,0,0,0.0538873,-0.561879,-0.260575,1.78468
205,0,1,1,0,0,0.0540664,-0.560698,-0.25995,1.78619
206,0,1,1,0,0,0.0546005,-0.560087,-0.258789,1.78819
207,0,1,1,0,0,0.0548985,-0.559555,-0.258359,1.78861
208,0,1,1,0,0,0.0545689,-0.559642,-0.258639,1.78882
209,0,1,1,0,0,0.0546426,-0.55886,-0.258458,1.78921
210,0,1,1,0,0,0.0543221,-0.558651,-0.259122,1.78816
211,0,1,1,0,0,0.0541163,-0.558411,-0.259873,1.78644
212,0,1,1,0,0,0.0535168,-0.558652,-0.260985,1.78485
213,0,1,1,0,0,0.0535968,-0.557872,-0.260659,1.78569
214,0,1,1,0,0,0.0535194,-0.557701,-0.260635,1.78604
215,0,1,1,0,0,0.0536448,-0.557585,-0.260375,1.78647
216,0,1,1,0,0,0.0534654,-0.557616,-0.26063,1.78625
217,0,1,1,0,0,0.0534909,-0.557549,-0.260431,1.78681
218,0,1,1,0,0,0.053519,-0.557565,-0.260369,1.78692
219,0,1,1,0,0,0.0535525,-0.559176,-0.261021,1.78457
220,0,1,1,0,0,0.0533034,-0.560078,-0.261661,1.78327
221,0,1,1,0,0,0.0533019,-0.559912,-0.261523,1.78374
222,0,1,1,0,0,0.0532931,-0.560411,-0.261792,1.78286
223,0,1,1,0,0,0.0536046,-0.559462,-0.261357,1.78328
224,0,1,1,0,0,0.0535151,-0.557494,-0.260779,1.7856
225,0,1,1,0,0,0.0538366,-0.556403,-0.259798,1.78778
226,0,1,1,0,0,0.0537355,-0.556909,-0.260213,1.78674
227,0,1,1,0,0,0.0537523,-0.556235,-0.259758,1.78821
228,0,1,1,0,0,0.0532722,-0.55702,-0.260314,1.78798
229,0,1,1,0,0,0.0531538,-0.558312,-0.260782,1.78676
230,0,1,1,0,0,0.0531227,-0.558322,-0.26095,1.78632
231,0,1,1,0,0,0.0535882,-0.557307,-0.25978,1.78862
232,0,1,1,0,0,0.053881,-0.55714,-0.25959,1.78825
233,0,1,1,0,0,0.0538857,-0.55807,-0.259972,1.78692
234,0,1,1,0,0,0.0543594,-0.557086,-0.259001,1.78854
235,0,1,1,0,0,0.0545879,-0.557818,-0.258714,1.78864
236,0,1,1,0,0,0.0545271,-0.558933,-0.258797,1.7885
237,0,1,1,0,0,0.0545395,-0.559312,-0.258555,1.78921
238,0,1,1,0,0,0.0550563,-0.559141,-0.257493,1.79092
239,0,1,1,0,0,0.0546513,-0.559826,-0.257895,1.79094
240,0,1,1,0,0,0.0545702,-0.559828,-0.257985,1.79092
241,0,1,1,0,0,0.0541371,-0.560145,-0.258653,1.7902
242,0,1,1,0,0,0.0540918,-0.559978,-0.258666,1.79032
243,0,1,1,0,0,0.0540055,-0.55974,-0.25875,1.79036
244,0,1,1,0,0,0.0544175,-0.559794,-0.258232,1.79064
245,0,1,1,0,0,0.0541578,-0.560199,-0.25864,1.79017
246,0,1,1,0,0,0.0543157,-0.560515,-0.258677,1.78949
247,0,1,1,0,0,0.0544645,-0.560874,-0.258313,1.79014
248,0,1,1,0,0,0.0543977,-0.560824,-0.258383,1.79014
249,0,1,1,0,0,0.0544376,-0.560207,-0.258307,1.7903
250,0,1,1,0,0,0.0543163,-0.560626,-0.258352,1.79054
251,0,1,1,0,0,0.0543049,-0.559883,-0.258057,1.79159
252,0,1,1,0,0,0.0537383,-0.560055,-0.258846,1.79094
253,0,1,1,0,0,0.0535355,-0.560425,-0.259085,1.79082
254,0,1,1,0,0,0.0529258,-0.561088,-0.259687,1.79089
255,0,1,1,0,0,0.0532681,-0.560364,-0.259395,1.79073
256,0,1,1,0,0,0.0532407,-0.560709,-0.259413,1.79074
257,0,1,1,0,0,0.0536069,-0.560384,-0.258941,1.79105
258,0,1,1,0,0,0.0538515,-0.560354,-0.258684,1.79106
259,0,1,1,0,0,0.0541539,-0.560717,-0.25843,1.79083
260,0,1,1,0,0,0.0541968,-0.560631,-0.25823,1.79134
261,0,1,1,0,0,0.0543293,-0.559954,-0.258089,1.79139
262,0,1,1,0,0,0.0539525,-0.560429,-0.258638,1.79086
263,3,1,1,0,0,0.053848,-0.559934,-0.258618,1.79131
264,1,1,1,0.00219855,0,0.0534551,-0.559605,-0.259608,1.78946
265,1,1,1,0.00401714,0,0.0538064,-0.559665,-0.259963,1.78711
266,1,1,1,0.00632987,0,0.0543642,-0.560156,-0.260369,1.78385
267,1,1,1,0.00791276,0,0.0555382,-0.560761,-0.260106,1.78067
268,1,1,1,0.00869112,0,0.057621,-0.56149,-0.258742,1.77797
269,1,1,1,0.00955902,0,0.0619711,-0.563156,-0.254694,1.77621
270,1,1,1,0.0138699,0,0.0684935,-0.566379,-0.248705,1.77326
271,1,1,1,0.0217591,0,0.079062,-0.570698,-0.239006,1.76852
272,1,1,1,0.030898,0,0.0934558,-0.574384,-0.225229,1.76407
273,1,1,1,0.0414227,0,0.111261,-0.579404,-0.208712,1.75682
274,1,1,1,0.0519107,0,0.132716,-0.583585,-0.18851,1.7492
275,1,1,0,0.06215,0,0.157695,-0.586226,-0.165041,1.74032
276,1,1,0,0.0702913,0,0.184537,-0.585509,-0.139731,1.73134
277,1,1,0,0.0780615,0,0.213673,-0.581987,-0.113136,1.71894
278,1,1,0,0.0851189,0,0.243976,-0.572201,-0.0859329,1.70501
279,1,1,0,0.0922106,0,0.274237,-0.555921,-0.0595933,1.68889
280,1,1,0,0.0985333,0,0.301806,-0.532711,-0.0362922,1.67255
281,1,1,0,0.105163,0,0.326271,-0.503401,-0.0162737,1.65656
282,1,1,0,0.112332,0,0.345665,-0.467872,-0.00193174,1.63982
283,1,1,0,0.12016,0,0.359311,-0.426631,0.00675726,1.62467
284,1,1,0,0.126889,0,0.365398,-0.381091,0.00943222,1.616
285,1,1,0,0.13394,0,0.365352,-0.332505,0.00723716,1.61259
286,1,1,0,0.146001,0,0.360403,-0.277509,0.000386636,1.61118
287,1,1,0,0.158544,0,0.350533,-0.219398,-0.0103122,1.61424
288,1,1,0,0.167731,0,0.337455,-0.161773,-0.0225705,1.6231
289,1,1,0,0.173428,0,0.323251,-0.105071,-0.0352727,1.63427
290,1,1,0,0.176814,0,0.309479,-0.0482812,-0.0467698,1.6479
291,1,1,0,0.173372,0,0.295144,0.00296236,-0.0577013,1.66487
292,1,1,0,0.167169,0,0.281813,0.0507123,-0.0667415,1.68432
293,1,1,0,0.161351,0,0.268474,0.0969023,-0.0754655,1.70471
294,1,1,0,0.155272,0,0.255836,0.141585,-0.0839769,1.72329
295,1,1,0,0.148074,0,0.242833,0.183375,-0.0932394,1.74046
296,1,1,0,0.13999,0,0.230631,0.222284,-0.102248,1.75553
297,1,1,0,0.131567,0,0.218426,0.258726,-0.111778,1.76873
298,1,1,0,0.121101,0,0.20717,0.291492,-0.121362,1.77826
299,1,1,0,0.11114,0,0.196921,0.321952,-0.130359,1.78611
300,1,1,0,0.100813,0,0.18793,0.349425,-0.139013,1.79057
301,1,1,0,0.0930733,0,0.179585,0.375955,-0.146744,1.79577
302,1,0,0,0.0852639,0,0.172809,0.399916,-0.152972,1.80033
303,1,0,0,0.0781164,0,0.16695,0.421815,-0.158258,1.80468
304,1,0,0,0.0706373,0,0.161619,0.441003,-0.163192,1.80818
305,1,0,0,0.0635645,0,0.156429,0.457881,-0.167554,1.81289
306,1,0,0,0.0551472,0,0.151971,0.471356,-0.171433,1.81643
307,1,0,0,0.0467135,0,0.147365,0.481804,-0.17531,1.82026
308,1,0,0,0.0403582,0,0.142535,0.491303,-0.179218,1.82468
309,1,0,0,0.0343189,0,0.136996,0.497991,-0.183742,1.82931
310,1,0,0,0.0277069,0,0.131581,0.501507,-0.18853,1.83242
311,1,0,0,0.022409,0,0.127192,0.503704,-0.192155,1.83572
312,1,0,0,0.0184502,0,0.123553,0.505699,-0.195109,1.83864
313,1,0,0,0.0130377,0,0.121541,0.505302,-0.196817,1.83991
314,1,0,0,0.00775602,0,0.121247,0.504851,-0.197124,1.83987
315,1,0,0,0.00393358,0,0.121934,0.505367,-0.196303,1.84024
316,1,0,0,0.00210875,0,0.121485,0.505669,-0.196712,1.84046
317,1,0,0,0,0,0.121191,0.505646,-0.197015,1.84048
318,1,0,0,0.00149246,0,0.121093,0.504261,-0.196867,1.84119
319,1,0,0,0.00329009,0,0.121233,0.502299,-0.196418,1.84203
320,1,0,0,0.00423892,0,0.120318,0.501443,-0.196858,1.84365
321,1,0,0,0.00595245,0,0.119432,0.500205,-0.196955,1.84625
322,1,0,0,0.00733644,0,0.118479,0.499013,-0.197075,1.84902
323,2,0,0,0.00717089,0,0.117275,0.499202,-0.197671,1.85119
324,0,0,0,0,0,0.115821,0.500237,-0.198526,1.85343
325,0,0,0,0,0,0.115194,0.500125,-0.198773,1.85475
326,0,0,0,0,0,0.115384,0.499866,-0.198771,1.85409
327,0,0,0,0,0,0.115487,0.500248,-0.198794,1.8537
328,0,0,0,0,0,0.115627,0.500571,-0.198808,1.8532
329,0,0,0,0,0,0.115778,0.500458,-0.198791,1.85273
330,0,0,0,0,0,0.115644,0.50075,-0.198798,1.85318
331,0,0,0,0,0,0.115382,0.501153,-0.19887,1.85387
332,0,0,0,0,0,0.115503,0.501035,-0.198785,1.85373
333,0,0,0,0,0,0.115576,0.500924,-0.198772,1.85351
334,0,0,0,0,0,0.115555,0.501012,-0.198822,1.85343
335,0,0,0,0,0,0.115867,0.500386,-0.198676,1.8528
336,0,0,0,0,0,0.115719,0.50034,-0.198764,1.85301
337,0,0,0,0,0,0.115719,0.50016,-0.198659,1.85334
338,0,0,0,0,0,0.115787,0.499971,-0.198527,1.85352
339,0,0,0,0,0,0.115758,0.499959,-0.198497,1.85371
340,0,0,0,0,0,0.114927,0.500894,-0.198855,1.85545
341,0,0,0,0,0,0.11437,0.501637,-0.199043,1.85678
342,0,0,0,0,0,0.113825,0.501825,-0.199307,1.85779
343,0,0,0,0,0,0.113191,0.502398,-0.199553,1.85919
344,0,0,0,0,0,0.112516,0.502498,-0.19977,1.86079
345,0,0,0,0,0,0.112568,0.502068,-0.199631,1.86103
346,0,0,0,0,0,0.112704,0.501306,-0.199421,1.86119
347,0,0,0,0,0,0.112556,0.501511,-0.199462,1.86158
348,0,0,0,0,0,0.112536,0.501113,-0.199373,1.86191
349,0,0,0,0,0,0.112823,0.500819,-0.199173,1.86156
350,0,0,0,0,0,0.112734,0.501269,-0.199277,1.86156
351,0,0,0,0,0,0.112603,0.501582,-0.199417,1.86157
352,0,0,0,0,0,0.112456,0.501458,-0.199466,1.8619
353,0,0,0,0,0,0.112346,0.501836,-0.19953,1.8621
354,0,0,0,0,0,0.112039,0.502132,-0.199652,1.86277
355,0,0,0,0,0,0.112044,0.501689,-0.199547,1.86306
356,0,0,0,0,0,0.112341,0.50138,-0.199365,1.86261
357,0,0,0,0,0,0.112631,0.501052,-0.199167,1.86225
358,0,0,0,0,0,0.112809,0.500858,-0.199159,1.86165
359,0,0,0,0,0,0.11288,0.500852,-0.199105,1.86159
360,0,0,0,0,0,0.113029,0.500894,-0.199028,1.86134
361,0,0,0,0,0,0.112674,0.500894,-0.19914,1.86218
362,0,0,0,0,0,0.112416,0.501576,-0.199258,1.86272
363,0,0,0,0,0,0.112322,0.501501,-0.199218,1.86317
364,0,0,0,0,0,0.112448,0.501632,-0.199342,1.86235
365,0,0,0,0,0,0.112267,0.50185,-0.199429,1.8627
366,0,0,0,0,0,0.112175,0.502207,-0.199445,1.86298
367,0,0,0,0,0,0.112081,0.50197,-0.199543,1.86296
368,0,0,0,0,0,0.111861,0.502039,-0.199761,1.86301
369,0,0,0,0,0,0.111694,0.501733,-0.19967,1.86385
370,0,0,0,0,0,0.111993,0.501727,-0.199633,1.86295
371,0,0,0,0,0,0.112322,0.501986,-0.199656,1.86178
372,0,0,0,0,0,0.112822,0.501512,-0.199417,1.86082
373,0,0,0,0,0,0.112833,0.501463,-0.199284,1.86121
374,0,0,0,0,0,0.112802,0.501595,-0.199228,1.86151
375,0,0,0,0,0,0.112985,0.501562,-0.199211,1.86094
376,0,0,0,0,0,0.1126,0.501186,-0.199247,1.86211
377,0,0,0,0,0,0.112199,0.501591,-0.199463,1.8628
378,0,0,0,0,0,0.112214,0.501627,-0.19947,1.86272
379,0,0,0,0,0,0.112375,0.501965,-0.199628,1.86169
380,0,0,0,0,0,0.111985,0.502201,-0.199806,1.86245
381,0,0,0,0,0,0.112206,0.502163,-0.199809,1.86169
382,0,0,0,0,0,0.112524,0.502318,-0.199679,1.86104
383,0,0,0,0,0,0.112799,0.501987,-0.199603,1.86033
384,0,0,0,0,0,0.112678,0.501724,-0.199603,1.86072
385,0,0,0,0,0,0.112837,0.501154,-0.199441,1.86067
386,0,0,0,0,0,0.112851,0.501128,-0.199422,1.86068
387,0,0,0,0,0,0.112597,0.500593,-0.199491,1.86128
388,0,0,0,0,0,0.11237,0.500878,-0.199555,1.86186
389,0,0,0,0,0,0.112371,0.500503,-0.19943,1.86224
390,0,0,0,0,0,0.112277,0.500551,-0.199522,1.86226
391,0,0,0,0,0,0.112081,0.500594,-0.199545,1.86286
392,0,0,0,0,0,0.112103,0.500743,-0.199601,1.86261
393,0,0,0,0,0,0.112425,0.500481,-0.199521,1.86176
