Locations,4
Location Intervals,100
Sector Intervals,36
0,0,0
0,0,0,0,0,0,0,0,0,0,0,0,0,0,0,0,0,0,0,0,0,0,0,0,0,0,0,0,0,0,0,0,0,0,0,0,0,0,0,0,0,0,0,0,0,0,0,0,0,0,0,0,0,0,0,0,0,0,0,0,0,0,0,0,0,0,0,0,0,0,0,0,0,0,0,0,0,0,0,0,0,0,0,0,0,0,0,0,0,0,0,0,0,0,0,0,0,0,0,0
0,1,0
0,0.0102245,0.0513975,0.0542147,0.0551878,0.0662851,0.0674477,0.0821416,0.118807,0.108421,0.127573,0.0905088,0.126585,0.0905124,0.0897835,0.0899755,0.0902543,0.0947573,0.129458,0.119354,0.1201,0.120483,0.120852,0.10736,0.107315,0.119433,0.131645,0.131524,0.132495,0.13064,0.130489,0.130536,0.12968,0.12969,0.129677,0.129677,0.12965,0.129647,0.127391,0.127435,0.135172,0.140526,0.140846,0.141295,0.144174,0.145343,0.145644,0.145951,0.145914,0.148115,0.148138,0.148197,0.148137,0.14812,0.149209,0.149229,0.146171,0.15693,0.156984,0.147101,0.153609,0.158629,0.165623,0.168896,0.17214,0.138272,0.138756,0.138607,0.138589,0.138197,0.137248,0.13587,0.134814,0.133937,0.142832,0.144351,0.146816,0.14967,0.150251,0.153939,0.149145,0.112673,0.114152,0.114323,0.0788006,0.0249514,0.0248719,0.0447269,0.0444076,0.0465952,0.0465415,0.0466242,0.0476146,0.0474276,0.0472897,0.0249871,0.0248592,0.017915,0.0107191,0.00418183
0,2,0
0,0,0,0,0,0,0,0,0,0,0,0,0,0,0,0,0,0,0,0,0,0,0,0,0,0,0,0,0,0,0,0,0,0,0,0,0,0,0,0,0,0,0,0,0,0,0,0,0,0,0,0,0,0,0,0,0,0,0,0,0,0,0,0,0,0,0,0,0,0,0,0,0,0,0,0,0,0,0,0,0,0,0,0,0,0,0,0,0,0,0,0,0,0,0,0,0,0,0,0
0,3,0
0,0,0,0,0,0,0,0,0,0,0,0,0,0,0,0,0,0,0,0,0,0,0,0,0,0,0,0,0,0,0,0,0,0,0,0,0,0,0,0,0,0,0,0,0,0,0,0,0,0,0,0,0,0,0,0,0,0,0,0,0,0,0,0,0,0,0,0,0,0,0,0,0,0,0,0,0,0,0,0,0,0,0,0,0,0,0,0,0,0,0,0,0,0,0,0,0,0,0,0
1,0,0
0,0,0,0,0,0,0,0,0,0,0,0,0,0,0,0,0,0,0,0,0,0,0,0,0,0,0,0,0,0,0,0,0,0,0,0,0,0,0,0,0,0,0,0,0,0,0,0,0,0,0,0,0,0,0,0,0,0,0,0,0,0,0,0,0,0,0,0,0,0,0,0,0,0,0,0,0,0,0,0,0,0,0,0,0,0,0,0,0,0,0,0,0,0,0,0,0,0,0,0
1,1,0
0,0,0,0,0,0,0,0,0,0,0,0,0,0,0,0,0,0,0,0,0,0,0,0,0,0,0,0,0,0,0,0,0,0,0,0,0,0,0,0,0,0,0,0,0,0,0,0,0,0,0,0,0,0,0,0,0,0,0,0,0,0,0,0,0,0,0,0,0,0,0,0,0,0,0,0,0,0,0,0,0,0,0,0,0,0,0,0,0,0,0,0,0,0,0,0,0,0,0,0
1,2,0
0,0.0280989,0.0407278,0.00629077,0.0476115,0.0746546,0.0110858,0.0766851,0.114923,0.128182,0.127314,0.125205,0.113245,0.109479,0.117011,0.119439,0.120321,0.121102,0.109512,0.109858,0.109668,0.110476,0.0997655,0.190653,0.180459,0.137868,0.101087,0.100771,0.126916,0.0890505,0.0893677,0.0894952,0.129566,0.110605,0.0881634,0.088171,0.110941,0.0884566,0.0884837,0.0875735,0.087373,0.0870605,0.0866448,0.0861226,0.092503,0.0925485,0.0922943,0.0825022,0.0708999,0.055305,0.0643791,0.0744362,0.0746595,0.0748575,0.0749566,0.0750068,0.119124,0.119203,0.119282,0.119356,0.119411,0.119409,0.124683,0.124691,0.124382,0.124057,0.123735,0.123338,0.12295,0.122437,0.117055,0.116623,0.116515,0.116437,0.116132,0.108586,0.10864,0.110829,0.110865,0.11091,0.1109,0.111129,0.111427,0.114591,0.115209,0.114471,0.114373,0.114107,0.114418,0.115026,0.115134,0.112489,0.0570216,0.0567356,0.0554948,0.0548114,0.0517656,0.0487524,0.0434157,0.0196966
1,3,0
0,0.0303208,0.0775175,0.097245,0.100807,0.108713,0.11362,0.115297,0.118198,0.123319,0.127603,0.127359,0.127331,0.104256,0.139641,0.139684,0.142999,0.143258,0.143732,0.139729,0.109954,0.166368,0.166056,0.165781,0.151614,0.15185,0.166823,0.166834,0.180416,0.180335,0.176696,0.176828,0.175953,0.175699,0.172947,0.173564,0.173478,0.173473,0.166712,0.16652,0.166755,0.166595,0.166691,0.166319,0.184756,0.18461,0.183465,0.187383,0.192789,0.191474,0.134815,0.130506,0.123592,0.123147,0.123849,0.110142,0.109606,0.107198,0.106243,0.104709,0.0962379,0.0945279,0.102025,0.218813,0.22699,0.225602,0.225644,0.131824,0.132131,0.132369,0.13247,0.132654,0.212212,0.215785,0.215841,0.215939,0.21577,0.214713,0.187799,0.184903,0.184724,0.183959,0.180731,0.158387,0.151797,0.149269,0.120185,0.10073,0.0725579,0.068133,0.0673646,0.0611208,0.0532113,0.052269,0.0518315,0.0498068,0.00887243,0.00726289,0.00473731,0.00249285
2,0,0
0,0,0,0,0,0,0,0,0,0,0,0,0,0,0,0,0,0,0,0,0,0,0,0,0,0,0,0,0,0,0,0,0,0,0,0,0,0,0,0,0,0,0,0,0,0,0,0,0,0,0,0,0,0,0,0,0,0,0,0,0,0,0,0,0,0,0,0,0,0,0,0,0,0,0,0,0,0,0,0,0,0,0,0,0,0,0,0,0,0,0,0,0,0,0,0,0,0,0,0
2,1,0
0,0.00796159,0.0126452,0.0174176,0.022033,0.0268849,0.0316284,0.0274585,0.0483235,0.0963465,0.0939743,0.0944642,0.0950354,0.0954922,0.0961742,0.0966174,0.0971272,0.0972129,0.0975864,0.0977943,0.0981517,0.100086,0.100336,0.100704,0.101195,0.101601,0.101766,0.10204,0.102056,0.102235,0.102496,0.103581,0.103807,0.104055,0.104095,0.103931,0.103795,0.103753,0.103901,0.103891,0.103896,0.0823264,0.0820616,0.065956,0.0656195,0.0659116,0.0661685,0.0664701,0.0669302,0.0673284,0.0678877,0.0682991,0.0688756,0.0935534,0.109422,0.0699969,0.0707959,0.0734333,0.0740175,0.0774613,0.0929926,0.0930336,0.0782706,0.0782352,0.117622,0.117007,0.116983,0.116268,0.111789,0.102351,0.0901253,0.0905078,0.0898147,0.0665078,0.0653385,0.113968,0.109865,0.109552,0.0899618,0.152219,0.152926,0.0493245,0.0486772,0.0481888,0.0437257,0.0432527,0.042688,0.0385784,0.0350025,0.0347384,0.0312819,0.0280195,0.0248022,0.0214425,0.0183483,0.0151828,0.0119407,0.00872731,0.00556673,0.00250557
2,2,0
0,0,0,0,0,0,0,0,0,0,0,0,0,0,0,0,0,0,0,0,0,0,0,0,0,0,0,0,0,0,0,0,0,0,0,0,0,0,0,0,0,0,0,0,0,0,0,0,0,0,0,0,0,0,0,0,0,0,0,0,0,0,0,0,0,0,0,0,0,0,0,0,0,0,0,0,0,0,0,0,0,0,0,0,0,0,0,0,0,0,0,0,0,0,0,0,0,0,0,0
2,3,0
0,0,0,0,0,0,0,0,0,0,0,0,0,0,0,0,0,0,0,0,0,0,0,0,0,0,0,0,0,0,0,0,0,0,0,0,0,0,0,0,0,0,0,0,0,0,0,0,0,0,0,0,0,0,0,0,0,0,0,0,0,0,0,0,0,0,0,0,0,0,0,0,0,0,0,0,0,0,0,0,0,0,0,0,0,0,0,0,0,0,0,0,0,0,0,0,0,0,0,0
3,0,0
0,0,0,0,0,0,0,0,0,0,0,0,0,0,0,0,0,0,0,0,0,0,0,0,0,0,0,0,0,0,0,0,0,0,0,0,0,0,0,0,0,0,0,0,0,0,0,0,0,0,0,0,0,0,0,0,0,0,0,0,0,0,0,0,0,0,0,0,0,0,0,0,0,0,0,0,0,0,0,0,0,0,0,0,0,0,0,0,0,0,0,0,0,0,0,0,0,0,0,0
3,1,0
0,0,0,0,0,0,0,0,0,0,0,0,0,0,0,0,0,0,0,0,0,0,0,0,0,0,0,0,0,0,0,0,0,0,0,0,0,0,0,0,0,0,0,0,0,0,0,0,0,0,0,0,0,0,0,0,0,0,0,0,0,0,0,0,0,0,0,0,0,0,0,0,0,0,0,0,0,0,0,0,0,0,0,0,0,0,0,0,0,0,0,0,0,0,0,0,0,0,0,0
3,2,0
0,0,0,0,0,0,0,0,0,0,0,0,0,0,0,0,0,0,0,0,0,0,0,0,0,0,0,0,0,0,0,0,0,0,0,0,0,0,0,0,0,0,0,0,0,0,0,0,0,0,0,0,0,0,0,0,0,0,0,0,0,0,0,0,0,0,0,0,0,0,0,0,0,0,0,0,0,0,0,0,0,0,0,0,0,0,0,0,0,0,0,0,0,0,0,0,0,0,0,0
3,3,0
0,0,0,0,0,0,0,0,0,0,0,0,0,0,0,0,0,0,0,0,0,0,0,0,0,0,0,0,0,0,0,0,0,0,0,0,0,0,0,0,0,0,0,0,0,0,0,0,0,0,0,0,0,0,0,0,0,0,0,0,0,0,0,0,0,0,0,0,0,0,0,0,0,0,0,0,0,0,0,0,0,0,0,0,0,0,0,0,0,0,0,0,0,0,0,0,0,0,0,0
