Locations,4
Location Intervals,20
Sector Intervals,36
Edge,0,Number,0
0,0,0,0,0,0,0,0,0,0,0,0,0,0,0,0,0,0,0,0,0,0,0,0,0,0,0,0,0,0,0,0,0,0,0,0,0,0,0,0,0,0,0,0,0,0,0,0,0,0,0,0,0,0,0,0,0,0,0,0
Edge,1,Number,0
0.588982,0.0267338,0.807704,0.55528,0.035602,0.830901,0.525206,0.0449008,0.84979,0.496848,0.0530548,0.866214,0.469547,0.0588588,0.880943,0.443312,0.0610858,0.894284,0.417659,0.0593844,0.906661,0.392904,0.0529599,0.918053,0.368824,0.041083,0.928591,0.34558,0.0230132,0.938107,0.323374,-0.00256475,0.946268,0.302571,-0.0371123,0.952404,0.283901,-0.0838556,0.95518,0.269072,-0.147572,0.951747,0.261444,-0.23816,0.935375,0.267033,-0.374263,0.888043,0.296618,-0.594937,0.747039,0.328428,-0.895577,0.300127,0.186681,-0.864532,-0.466621,-0.12813,-0.553164,-0.82316
Edge,2,Number,0
-0.0957801,0,0.441049,-0.0957801,0,0.441049,-0.0957801,0,0.441049,-0.0957801,0,0.441049,-0.0957801,0,0.441049,-0.0957801,0,0.441049,-0.0957801,0,0.441049,-0.0957801,0,0.441049,-0.0957801,0,0.441049,-0.0957801,0,0.441049,-0.0957801,0,0.441049,-0.0957801,0,0.441049,-0.0957801,0,0.441049,-0.0957801,0,0.441049,-0.0957801,0,0.441049,-0.0957801,0,0.441049,-0.0957801,0,0.441049,-0.0957801,0,0.441049,-0.0957801,0,0.441049,-0.0957801,0,0.441049
Edge,3,Number,0
0.975242,0,-0.103635,0.975242,0,-0.103635,0.975242,0,-0.103635,0.975242,0,-0.103635,0.975242,0,-0.103635,0.975242,0,-0.103635,0.975242,0,-0.103635,0.975242,0,-0.103635,0.975242,0,-0.103635,0.975242,0,-0.103635,0.975242,0,-0.103635,0.975242,0,-0.103635,0.975242,0,-0.103635,0.975242,0,-0.103635,0.975242,0,-0.103635,0.975242,0,-0.103635,0.975242,0,-0.103635,0.975242,0,-0.103635,0.975242,0,-0.103635,0.975242,0,-0.103635
Edge,4,Number,0
-0.314682,0,-0.881153,-0.314682,0,-0.881153,-0.314682,0,-0.881153,-0.314682,0,-0.881153,-0.314682,0,-0.881153,-0.314682,0,-0.881153,-0.314682,0,-0.881153,-0.314682,0,-0.881153,-0.314682,0,-0.881153,-0.314682,0,-0.881153,-0.314682,0,-0.881153,-0.314682,0,-0.881153,-0.314682,0,-0.881153,-0.314682,0,-0.881153,-0.314682,0,-0.881153,-0.314682,0,-0.881153,-0.314682,0,-0.881153,-0.314682,0,-0.881153,-0.314682,0,-0.881153,-0.314682,0,-0.881153
Edge,5,Number,0
0,0,0,0,0,0,0,0,0,0,0,0,0,0,0,0,0,0,0,0,0,0,0,0,0,0,0,0,0,0,0,0,0,0,0,0,0,0,0,0,0,0,0,0,0,0,0,0,0,0,0,0,0,0,0,0,0,0,0,0
Edge,6,Number,0
0.603096,0.779665,-0.168514,0.700551,0.713079,0.0273357,0.762685,0.602834,0.234313,0.779954,0.462599,0.421514,0.761991,0.324566,0.56038,0.727146,0.204429,0.655337,0.689061,0.107955,0.716618,0.653917,0.031769,0.755899,0.624248,-0.0278321,0.78073,0.60013,-0.0753253,0.796348,0.581929,-0.113049,0.805343,0.568785,-0.143811,0.809816,0.560142,-0.169829,0.810802,0.556593,-0.191616,0.808386,0.558163,-0.210406,0.802611,0.566029,-0.22689,0.792547,0.582633,-0.24115,0.776135,0.612668,-0.252054,0.74907,0.666592,-0.252256,0.701443,0.768671,-0.193054,0.609816
Edge,7,Number,0
0.135911,0,-0.893892,0.135911,0,-0.893892,0.135911,0,-0.893892,0.135911,0,-0.893892,0.135911,0,-0.893892,0.135911,0,-0.893892,0.135911,0,-0.893892,0.135911,0,-0.893892,0.135911,0,-0.893892,0.135911,0,-0.893892,0.135911,0,-0.893892,0.135911,0,-0.893892,0.135911,0,-0.893892,0.135911,0,-0.893892,0.135911,0,-0.893892,0.135911,0,-0.893892,0.135911,0,-0.893892,0.135911,0,-0.893892,0.135911,0,-0.893892,0.135911,0,-0.893892
Edge,8,Number,0
0.0957801,0,-0.441049,0.0957801,0,-0.441049,0.0957801,0,-0.441049,0.0957801,0,-0.441049,0.0957801,0,-0.441049,0.0957801,0,-0.441049,0.0957801,0,-0.441049,0.0957801,0,-0.441049,0.0957801,0,-0.441049,0.0957801,0,-0.441049,0.0957801,0,-0.441049,0.0957801,0,-0.441049,0.0957801,0,-0.441049,0.0957801,0,-0.441049,0.0957801,0,-0.441049,0.0957801,0,-0.441049,0.0957801,0,-0.441049,0.0957801,0,-0.441049,0.0957801,0,-0.441049,0.0957801,0,-0.441049
Edge,9,Number,0
0.508445,-0,0.548016,0.508445,-0,0.548016,0.508445,-0,0.548016,0.508445,-0,0.548016,0.508445,-0,0.548016,0.508445,-0,0.548016,0.508445,-0,0.548016,0.508445,-0,0.548016,0.508445,-0,0.548016,0.508445,-0,0.548016,0.508445,-0,0.548016,0.508445,-0,0.548016,0.508445,-0,0.548016,0.508445,-0,0.548016,0.508445,-0,0.548016,0.508445,-0,0.548016,0.508445,-0,0.548016,0.508445,-0,0.548016,0.508445,-0,0.548016,0.508445,-0,0.548016
Edge,10,Number,0
0,0,0,0,0,0,0,0,0,0,0,0,0,0,0,0,0,0,0,0,0,0,0,0,0,0,0,0,0,0,0,0,0,0,0,0,0,0,0,0,0,0,0,0,0,0,0,0,0,0,0,0,0,0,0,0,0,0,0,0
Edge,11,Number,0
-0.624574,-0.599286,0.500764,-0.483018,-0.638858,0.598793,-0.422104,-0.625247,0.656426,-0.383066,-0.600959,0.701505,-0.352294,-0.572407,0.740432,-0.325329,-0.541432,0.77525,-0.299897,-0.508295,0.807278,-0.275065,-0.473379,0.836811,-0.250243,-0.436801,0.86405,-0.22493,-0.398414,0.889198,-0.199082,-0.358502,0.912054,-0.172552,-0.317428,0.932451,-0.145178,-0.27535,0.950319,-0.116858,-0.232865,0.965463,-0.087414,-0.19083,0.977723,-0.0561848,-0.150687,0.986984,-0.0204449,-0.115213,0.99313,0.0312584,-0.0937681,0.995103,0.275192,-0.173628,0.945581,0.169657,-0.000411728,-0.985503
Edge,12,Number,0
-0.975242,0,0.103635,-0.975242,0,0.103635,-0.975242,0,0.103635,-0.975242,0,0.103635,-0.975242,0,0.103635,-0.975242,0,0.103635,-0.975242,0,0.103635,-0.975242,0,0.103635,-0.975242,0,0.103635,-0.975242,0,0.103635,-0.975242,0,0.103635,-0.975242,0,0.103635,-0.975242,0,0.103635,-0.975242,0,0.103635,-0.975242,0,0.103635,-0.975242,0,0.103635,-0.975242,0,0.103635,-0.975242,0,0.103635,-0.975242,0,0.103635,-0.975242,0,0.103635
Edge,13,Number,0
-0.135911,0,0.893892,-0.135911,0,0.893892,-0.135911,0,0.893892,-0.135911,0,0.893892,-0.135911,0,0.893892,-0.135911,0,0.893892,-0.135911,0,0.893892,-0.135911,0,0.893892,-0.135911,0,0.893892,-0.135911,0,0.893892,-0.135911,0,0.893892,-0.135911,0,0.893892,-0.135911,0,0.893892,-0.135911,0,0.893892,-0.135911,0,0.893892,-0.135911,0,0.893892,-0.135911,0,0.893892,-0.135911,0,0.893892,-0.135911,0,0.893892,-0.135911,0,0.893892
Edge,14,Number,0
-0.449902,0,0.397881,-0.449902,0,0.397881,-0.449902,0,0.397881,-0.449902,0,0.397881,-0.449902,0,0.397881,-0.449902,0,0.397881,-0.449902,0,0.397881,-0.449902,0,0.397881,-0.449902,0,0.397881,-0.449902,0,0.397881,-0.449902,0,0.397881,-0.449902,0,0.397881,-0.449902,0,0.397881,-0.449902,0,0.397881,-0.449902,0,0.397881,-0.449902,0,0.397881,-0.449902,0,0.397881,-0.449902,0,0.397881,-0.449902,0,0.397881,-0.449902,0,0.397881
Edge,15,Number,0
0,0,0,0,0,0,0,0,0,0,0,0,0,0,0,0,0,0,0,0,0,0,0,0,0,0,0,0,0,0,0,0,0,0,0,0,0,0,0,0,0,0,0,0,0,0,0,0,0,0,0,0,0,0,0,0,0,0,0,0
