Locations,3
Location Intervals,20
Sector Intervals,36
Edge,0,Number,0
0,0,0,0,0,0,0,0,0,0,0,0,0,0,0,0,0,0,0,0,0,0,0,0,0,0,0,0,0,0,0,0,0,0,0,0,0,0,0,0,0,0,0,0,0,0,0,0,0,0,0,0,0,0,0,0,0,0,0,0
Edge,1,Number,0
0.637095,-0.758266,0.138359,0.530192,-0.837487,0.132334,0.437468,-0.892853,0.10694,0.355662,-0.931281,0.0788727,0.283723,-0.957381,0.0540664,0.222619,-0.974218,0.0366034,0.171737,-0.984736,0.0283007,0.130345,-0.991011,0.0301078,0.0976001,-0.994293,0.0430671,0.0722124,-0.995037,0.0684573,0.0533087,-0.992687,0.108311,0.039926,-0.985552,0.164603,0.0310312,-0.969875,0.241618,0.0254851,-0.938454,0.344464,0.0203299,-0.879615,0.475251,0.0123394,-0.773448,0.63374,-0.00493268,-0.594615,0.803996,-0.0409327,-0.327703,0.943894,-0.112791,0.00911894,0.993577,-0.247948,0.343998,0.905642
Edge,2,Number,0
0.5906,0,-0.799296,0.5906,0,-0.799296,0.5906,0,-0.799296,0.5906,0,-0.799296,0.5906,0,-0.799296,0.5906,0,-0.799296,0.5906,0,-0.799296,0.5906,0,-0.799296,0.5906,0,-0.799296,0.5906,0,-0.799296,0.5906,0,-0.799296,0.5906,0,-0.799296,0.5906,0,-0.799296,0.5906,0,-0.799296,0.5906,0,-0.799296,0.5906,0,-0.799296,0.5906,0,-0.799296,0.5906,0,-0.799296,0.5906,0,-0.799296,0.5906,0,-0.799296
Edge,3,Number,0
-0.598575,0,-0.800992,-0.598575,0,-0.800992,-0.598575,0,-0.800992,-0.598575,0,-0.800992,-0.598575,0,-0.800992,-0.598575,0,-0.800992,-0.598575,0,-0.800992,-0.598575,0,-0.800992,-0.598575,0,-0.800992,-0.598575,0,-0.800992,-0.598575,0,-0.800992,-0.598575,0,-0.800992,-0.598575,0,-0.800992,-0.598575,0,-0.800992,-0.598575,0,-0.800992,-0.598575,0,-0.800992,-0.598575,0,-0.800992,-0.598575,0,-0.800992,-0.598575,0,-0.800992,-0.598575,0,-0.800992
Edge,4,Number,0
0.506392,-0.859829,-0.0652768,0.514921,-0.855964,-0.046714,0.522259,-0.852382,-0.0262625,0.528616,-0.84885,-0.0044159,0.534067,-0.845221,0.0193219,0.543896,-0.837331,0.0552618,0.567988,-0.793772,0.21752,0.576873,-0.780002,0.242518,0.525624,-0.651343,0.54724,-0.0290885,0.815088,0.578606,-0.124928,0.932485,0.338916,-0.234172,0.93603,0.262701,-0.0104639,0.908812,0.417074,0.0400068,0.915162,0.401095,0.139603,0.91092,0.388248,0.954453,-0.091198,-0.28408,-0.0743725,0.929531,-0.361167,-0.0595355,0.907266,-0.416321,-0.0589402,0.895652,-0.440832,-0.0721834,0.892594,-0.445045
Edge,5,Number,0
-0.372023,0.913012,-0.167354,0.463317,0.839683,0.28332,-0.270929,0.0597965,0.96074,-0.247749,-0.361834,0.898719,-0.167299,-0.497874,0.85096,-0.0888291,-0.564596,0.820574,-0.0196766,-0.604612,0.796277,0.0393292,-0.630942,0.774833,0.0898147,-0.65004,0.754574,0.133471,-0.664855,0.734951,0.171638,-0.677561,0.715158,0.205708,-0.689353,0.694606,0.236975,-0.701243,0.672385,0.266388,-0.713944,0.64755,0.29507,-0.728236,0.618551,0.324443,-0.7451,0.582719,0.356311,-0.764825,0.536736,0.395142,-0.78718,0.473508,0.451296,-0.807111,0.380661,0.567874,-0.791338,0.2265
Edge,6,Number,0
-0.5906,0,0.799296,-0.5906,0,0.799296,-0.5906,0,0.799296,-0.5906,0,0.799296,-0.5906,0,0.799296,-0.5906,0,0.799296,-0.5906,0,0.799296,-0.5906,0,0.799296,-0.5906,0,0.799296,-0.5906,0,0.799296,-0.5906,0,0.799296,-0.5906,0,0.799296,-0.5906,0,0.799296,-0.5906,0,0.799296,-0.5906,0,0.799296,-0.5906,0,0.799296,-0.5906,0,0.799296,-0.5906,0,0.799296,-0.5906,0,0.799296,-0.5906,0,0.799296
Edge,7,Number,0
0.251066,-0,0.966522,0.251066,-0,0.966522,0.251066,-0,0.966522,0.251066,-0,0.966522,0.251066,-0,0.966522,0.251066,-0,0.966522,0.251066,-0,0.966522,0.251066,-0,0.966522,0.251066,-0,0.966522,0.251066,-0,0.966522,0.251066,-0,0.966522,0.251066,-0,0.966522,0.251066,-0,0.966522,0.251066,-0,0.966522,0.251066,-0,0.966522,0.251066,-0,0.966522,0.251066,-0,0.966522,0.251066,-0,0.966522,0.251066,-0,0.966522,0.251066,-0,0.966522
Edge,8,Number,0
0,0,0,0,0,0,0,0,0,0,0,0,0,0,0,0,0,0,0,0,0,0,0,0,0,0,0,0,0,0,0,0,0,0,0,0,0,0,0,0,0,0,0,0,0,0,0,0,0,0,0,0,0,0,0,0,0,0,0,0
