Locations,5
Location Intervals,100
Sector Intervals,36
0,0,0
0,0,0,0,0,0,0,0,0,0,0,0,0,0,0,0,0,0,0,0,0,0,0,0,0,0,0,0,0,0,0,0,0,0,0,0,0,0,0,0,0,0,0,0,0,0,0,0,0,0,0,0,0,0,0,0,0,0,0,0,0,0,0,0,0,0,0,0,0,0,0,0,0,0,0,0,0,0,0,0,0,0,0,0,0,0,0,0,0,0,0,0,0,0,0,0,0,0,0,0
0,1,0
0.000713415,0.00151964,0.00222461,0.00314007,0.00371462,0.0042852,0.00595942,0.0115324,0.0198566,0.0401981,0.050994,0.0524132,0.0532593,0.0518893,0.0502472,0.0507863,0.0556695,0.0624102,0.0658126,0.0637405,0.0550533,0.044076,0.0413057,0.0464667,0.0487202,0.0443153,0.0380984,0.0351312,0.0370374,0.0415981,0.0454431,0.0480164,0.0485625,0.0460134,0.0480912,0.0511273,0.0539065,0.0563889,0.0513373,0.0463291,0.0471432,0.0480351,0.0485844,0.0477642,0.051037,0.0533827,0.05486,0.055203,0.0559876,0.0581524,0.069139,0.0802897,0.0826752,0.0797601,0.0905311,0.101321,0.107717,0.101878,0.0898977,0.0910972,0.100716,0.110024,0.11388,0.111093,0.100907,0.0883404,0.071229,0.0603956,0.0666718,0.066217,0.0661142,0.0713655,0.0769951,0.0795188,0.0849349,0.0886647,0.0866194,0.0790994,0.0643846,0.048858,0.0389775,0.0329749,0.0274881,0.0308549,0.0378958,0.0406881,0.0412266,0.0387784,0.03295,0.0255758,0.0223402,0.0209602,0.0183942,0.0145899,0.0118074,0.0102018,0.00854218,0.00650171,0.00461975,0.00274829
0,2,0
0,0,0,0,0,0,0,0,0,0,0,0,0,0,0,0,0,0,0,0,0,0,0,0,0,0,0,0,0,0,0,0,0,0,0,0,0,0,0,0,0,0,0,0,0,0,0,0,0,0,0,0,0,0,0,0,0,0,0,0,0,0,0,0,0,0,0,0,0,0,0,0,0,0,0,0,0,0,0,0,0,0,0,0,0,0,0,0,0,0,0,0,0,0,0,0,0,0,0,0
0,3,0
0,0,0,0,0,0,0,0,0,0,0,0,0,0,0,0,0,0,0,0,0,0,0,0,0,0,0,0,0,0,0,0,0,0,0,0,0,0,0,0,0,0,0,0,0,0,0,0,0,0,0,0,0,0,0,0,0,0,0,0,0,0,0,0,0,0,0,0,0,0,0,0,0,0,0,0,0,0,0,0,0,0,0,0,0,0,0,0,0,0,0,0,0,0,0,0,0,0,0,0
0,4,0
0,0,0,0,0,0,0,0,0,0,0,0,0,0,0,0,0,0,0,0,0,0,0,0,0,0,0,0,0,0,0,0,0,0,0,0,0,0,0,0,0,0,0,0,0,0,0,0,0,0,0,0,0,0,0,0,0,0,0,0,0,0,0,0,0,0,0,0,0,0,0,0,0,0,0,0,0,0,0,0,0,0,0,0,0,0,0,0,0,0,0,0,0,0,0,0,0,0,0,0
1,0,0
0,0,0,0,0,0,0,0,0,0,0,0,0,0,0,0,0,0,0,0,0,0,0,0,0,0,0,0,0,0,0,0,0,0,0,0,0,0,0,0,0,0,0,0,0,0,0,0,0,0,0,0,0,0,0,0,0,0,0,0,0,0,0,0,0,0,0,0,0,0,0,0,0,0,0,0,0,0,0,0,0,0,0,0,0,0,0,0,0,0,0,0,0,0,0,0,0,0,0,0
1,1,0
0,0,0,0,0,0,0,0,0,0,0,0,0,0,0,0,0,0,0,0,0,0,0,0,0,0,0,0,0,0,0,0,0,0,0,0,0,0,0,0,0,0,0,0,0,0,0,0,0,0,0,0,0,0,0,0,0,0,0,0,0,0,0,0,0,0,0,0,0,0,0,0,0,0,0,0,0,0,0,0,0,0,0,0,0,0,0,0,0,0,0,0,0,0,0,0,0,0,0,0
1,2,0
0.000518452,0.00142601,0.00229584,0.00342513,0.0068226,0.0108968,0.0117246,0.031747,0.0658857,0.0876329,0.0945118,0.0966165,0.099723,0.102365,0.100971,0.101601,0.111244,0.128193,0.137968,0.137272,0.134334,0.140086,0.15313,0.161868,0.163867,0.162254,0.158968,0.155903,0.153701,0.150753,0.141828,0.127502,0.118681,0.116195,0.114339,0.108835,0.0994893,0.092611,0.0903065,0.0918197,0.0937851,0.0948581,0.0956239,0.0948369,0.094213,0.0985417,0.10809,0.108845,0.100299,0.0922298,0.0815388,0.0701388,0.0708803,0.0765155,0.0793957,0.0808031,0.0815169,0.0819647,0.0855816,0.0872902,0.0882526,0.0971916,0.11358,0.126884,0.125492,0.120266,0.112894,0.108147,0.117495,0.129577,0.134662,0.13539,0.135523,0.135262,0.133866,0.132114,0.131723,0.132138,0.130455,0.126942,0.12054,0.102914,0.085977,0.0829518,0.0709646,0.0553943,0.0546876,0.0581392,0.0626177,0.0685287,0.0709218,0.0709709,0.0693945,0.0591486,0.036815,0.0210315,0.0156732,0.0110538,0.00661008,0.00273095
1,3,0
0,0,0,0,0,0,0,0,0,0,0,0,0,0,0,0,0,0,0,0,0,0,0,0,0,0,0,0,0,0,0,0,0,0,0,0,0,0,0,0,0,0,0,0,0,0,0,0,0,0,0,0,0,0,0,0,0,0,0,0,0,0,0,0,0,0,0,0,0,0,0,0,0,0,0,0,0,0,0,0,0,0,0,0,0,0,0,0,0,0,0,0,0,0,0,0,0,0,0,0
1,4,0
0,0,0,0,0,0,0,0,0,0,0,0,0,0,0,0,0,0,0,0,0,0,0,0,0,0,0,0,0,0,0,0,0,0,0,0,0,0,0,0,0,0,0,0,0,0,0,0,0,0,0,0,0,0,0,0,0,0,0,0,0,0,0,0,0,0,0,0,0,0,0,0,0,0,0,0,0,0,0,0,0,0,0,0,0,0,0,0,0,0,0,0,0,0,0,0,0,0,0,0
2,0,0
0,0,0,0,0,0,0,0,0,0,0,0,0,0,0,0,0,0,0,0,0,0,0,0,0,0,0,0,0,0,0,0,0,0,0,0,0,0,0,0,0,0,0,0,0,0,0,0,0,0,0,0,0,0,0,0,0,0,0,0,0,0,0,0,0,0,0,0,0,0,0,0,0,0,0,0,0,0,0,0,0,0,0,0,0,0,0,0,0,0,0,0,0,0,0,0,0,0,0,0
2,1,0
0,0,0,0,0,0,0,0,0,0,0,0,0,0,0,0,0,0,0,0,0,0,0,0,0,0,0,0,0,0,0,0,0,0,0,0,0,0,0,0,0,0,0,0,0,0,0,0,0,0,0,0,0,0,0,0,0,0,0,0,0,0,0,0,0,0,0,0,0,0,0,0,0,0,0,0,0,0,0,0,0,0,0,0,0,0,0,0,0,0,0,0,0,0,0,0,0,0,0,0
2,2,0
0,0,0,0,0,0,0,0,0,0,0,0,0,0,0,0,0,0,0,0,0,0,0,0,0,0,0,0,0,0,0,0,0,0,0,0,0,0,0,0,0,0,0,0,0,0,0,0,0,0,0,0,0,0,0,0,0,0,0,0,0,0,0,0,0,0,0,0,0,0,0,0,0,0,0,0,0,0,0,0,0,0,0,0,0,0,0,0,0,0,0,0,0,0,0,0,0,0,0,0
2,3,0
0.00145798,0.00389327,0.00596678,0.00639111,0.00698784,0.0131673,0.0247585,0.0314606,0.0266805,0.0290573,0.0365489,0.0512524,0.0659689,0.0737507,0.0800694,0.0886291,0.094677,0.10757,0.112203,0.102225,0.080907,0.0888347,0.0862537,0.0774801,0.0737442,0.0779159,0.0802067,0.0748453,0.0672828,0.060159,0.0559378,0.0527371,0.0498838,0.048638,0.048248,0.0479181,0.047586,0.0468197,0.0448588,0.0404136,0.0343969,0.0319771,0.0330926,0.0336511,0.0325589,0.0332114,0.0363019,0.0379563,0.0377613,0.0376613,0.0380728,0.0367858,0.0325958,0.030331,0.0309902,0.0315987,0.0317158,0.0297791,0.0273014,0.0285754,0.0276273,0.0252023,0.0235064,0.0233682,0.0280213,0.0315039,0.0294434,0.0277773,0.0258159,0.0260619,0.0293682,0.0335219,0.0364153,0.0380161,0.0390498,0.0395383,0.0400257,0.0402311,0.040941,0.0418546,0.0409824,0.0362617,0.0315269,0.0298203,0.0257423,0.0182562,0.0129418,0.00941315,0.00790049,0.00711423,0.00645689,0.00560022,0.00465705,0.00400015,0.0035614,0.00308525,0.00243708,0.00163258,0.0010436,0.000605818
2,4,0
0.00339066,0.0125904,0.0205859,0.0164484,0.0120006,0.0131753,0.0156195,0.0205168,0.0365426,0.0653066,0.0870072,0.10716,0.120841,0.122857,0.119795,0.121816,0.123666,0.12286,0.119872,0.118063,0.115781,0.109519,0.0977321,0.102893,0.0998268,0.0992291,0.103572,0.115332,0.119148,0.119352,0.115405,0.107101,0.100556,0.0954873,0.0841971,0.0857675,0.0877589,0.0873913,0.0842054,0.0793016,0.0752936,0.0688666,0.0673218,0.0749645,0.083355,0.0887078,0.0900077,0.0894145,0.0884681,0.0908383,0.0895678,0.0812903,0.0730121,0.0754946,0.080936,0.0790102,0.0719412,0.0622933,0.0555169,0.0548553,0.0612459,0.0706131,0.0765807,0.0746612,0.0683539,0.0641414,0.0626439,0.0616679,0.060852,0.0602713,0.0598759,0.0599926,0.060311,0.060136,0.0590311,0.0570859,0.056412,0.0582259,0.0612493,0.0636065,0.0650641,0.065463,0.0647649,0.0629083,0.0606101,0.0591371,0.0583942,0.0577607,0.0556832,0.0500723,0.0410423,0.0282187,0.0181855,0.0138618,0.0102648,0.00803689,0.00571265,0.0041724,0.00259422,0.00123826
3,0,0
0,0,0,0,0,0,0,0,0,0,0,0,0,0,0,0,0,0,0,0,0,0,0,0,0,0,0,0,0,0,0,0,0,0,0,0,0,0,0,0,0,0,0,0,0,0,0,0,0,0,0,0,0,0,0,0,0,0,0,0,0,0,0,0,0,0,0,0,0,0,0,0,0,0,0,0,0,0,0,0,0,0,0,0,0,0,0,0,0,0,0,0,0,0,0,0,0,0,0,0
3,1,0
0,0,0,0,0,0,0,0,0,0,0,0,0,0,0,0,0,0,0,0,0,0,0,0,0,0,0,0,0,0,0,0,0,0,0,0,0,0,0,0,0,0,0,0,0,0,0,0,0,0,0,0,0,0,0,0,0,0,0,0,0,0,0,0,0,0,0,0,0,0,0,0,0,0,0,0,0,0,0,0,0,0,0,0,0,0,0,0,0,0,0,0,0,0,0,0,0,0,0,0
3,2,0
0.000354496,0.00100633,0.00181712,0.00259866,0.00318058,0.00440415,0.00876239,0.0159982,0.0219475,0.0291824,0.0327448,0.035395,0.0385802,0.0417398,0.0436552,0.0434714,0.0408515,0.0398491,0.0406889,0.0418886,0.0434271,0.0442869,0.0441969,0.0442315,0.044578,0.045105,0.0459083,0.0471626,0.048542,0.0496642,0.0512533,0.0524765,0.0530551,0.0534162,0.0536914,0.0538318,0.0540976,0.0566426,0.06382,0.0702965,0.0734829,0.0743296,0.076277,0.0802729,0.0808631,0.0777041,0.0754397,0.0748875,0.0763146,0.079577,0.0810757,0.076162,0.0669213,0.0615486,0.0604891,0.0606154,0.0610176,0.0615967,0.0615492,0.0607594,0.0606088,0.0627344,0.0663326,0.0690681,0.0722917,0.0787834,0.0914141,0.0990787,0.100375,0.0995567,0.0958288,0.0910968,0.087588,0.0897829,0.0952847,0.0986996,0.0987786,0.0949091,0.0882966,0.0793603,0.0725748,0.0739393,0.0767054,0.0794226,0.0869757,0.0768547,0.052646,0.0459351,0.0457038,0.0429964,0.035744,0.0296727,0.025073,0.0204108,0.0157998,0.0125561,0.0100844,0.00732109,0.00452439,0.00207157
3,3,0
0,0,0,0,0,0,0,0,0,0,0,0,0,0,0,0,0,0,0,0,0,0,0,0,0,0,0,0,0,0,0,0,0,0,0,0,0,0,0,0,0,0,0,0,0,0,0,0,0,0,0,0,0,0,0,0,0,0,0,0,0,0,0,0,0,0,0,0,0,0,0,0,0,0,0,0,0,0,0,0,0,0,0,0,0,0,0,0,0,0,0,0,0,0,0,0,0,0,0,0
3,4,0
0,0,0,0,0,0,0,0,0,0,0,0,0,0,0,0,0,0,0,0,0,0,0,0,0,0,0,0,0,0,0,0,0,0,0,0,0,0,0,0,0,0,0,0,0,0,0,0,0,0,0,0,0,0,0,0,0,0,0,0,0,0,0,0,0,0,0,0,0,0,0,0,0,0,0,0,0,0,0,0,0,0,0,0,0,0,0,0,0,0,0,0,0,0,0,0,0,0,0,0
4,0,0
0.000893178,0.0022798,0.00426287,0.00731015,0.00993615,0.0107913,0.0172943,0.0257358,0.0366357,0.0496884,0.0599152,0.0657213,0.0698324,0.0753412,0.0796123,0.0822258,0.0843595,0.0849003,0.0812014,0.0847712,0.0914737,0.100577,0.107005,0.110361,0.11199,0.115838,0.123454,0.125973,0.133012,0.135143,0.136566,0.134773,0.13244,0.132046,0.132849,0.136766,0.146656,0.155998,0.159518,0.156514,0.144983,0.126115,0.14616,0.162983,0.159833,0.146104,0.142669,0.146461,0.142777,0.137916,0.137526,0.143301,0.15072,0.152726,0.152977,0.156065,0.16179,0.159552,0.150361,0.155121,0.155917,0.14949,0.140838,0.146576,0.148669,0.145247,0.146758,0.143914,0.13937,0.134885,0.127941,0.124001,0.123862,0.123455,0.115051,0.100482,0.0926278,0.0910328,0.0940632,0.098211,0.0943209,0.0837241,0.080128,0.0802839,0.078121,0.0709534,0.06563,0.0629988,0.0577883,0.0542794,0.0541652,0.0512182,0.0465762,0.0393971,0.0295989,0.0193134,0.0118431,0.00675971,0.00349694,0.00134715
4,1,0
0,0,0,0,0,0,0,0,0,0,0,0,0,0,0,0,0,0,0,0,0,0,0,0,0,0,0,0,0,0,0,0,0,0,0,0,0,0,0,0,0,0,0,0,0,0,0,0,0,0,0,0,0,0,0,0,0,0,0,0,0,0,0,0,0,0,0,0,0,0,0,0,0,0,0,0,0,0,0,0,0,0,0,0,0,0,0,0,0,0,0,0,0,0,0,0,0,0,0,0
4,2,0
0,0,0,0,0,0,0,0,0,0,0,0,0,0,0,0,0,0,0,0,0,0,0,0,0,0,0,0,0,0,0,0,0,0,0,0,0,0,0,0,0,0,0,0,0,0,0,0,0,0,0,0,0,0,0,0,0,0,0,0,0,0,0,0,0,0,0,0,0,0,0,0,0,0,0,0,0,0,0,0,0,0,0,0,0,0,0,0,0,0,0,0,0,0,0,0,0,0,0,0
4,3,0
0,0,0,0,0,0,0,0,0,0,0,0,0,0,0,0,0,0,0,0,0,0,0,0,0,0,0,0,0,0,0,0,0,0,0,0,0,0,0,0,0,0,0,0,0,0,0,0,0,0,0,0,0,0,0,0,0,0,0,0,0,0,0,0,0,0,0,0,0,0,0,0,0,0,0,0,0,0,0,0,0,0,0,0,0,0,0,0,0,0,0,0,0,0,0,0,0,0,0,0
4,4,0
0,0,0,0,0,0,0,0,0,0,0,0,0,0,0,0,0,0,0,0,0,0,0,0,0,0,0,0,0,0,0,0,0,0,0,0,0,0,0,0,0,0,0,0,0,0,0,0,0,0,0,0,0,0,0,0,0,0,0,0,0,0,0,0,0,0,0,0,0,0,0,0,0,0,0,0,0,0,0,0,0,0,0,0,0,0,0,0,0,0,0,0,0,0,0,0,0,0,0,0
