Locations,4
Location Intervals,100
Sector Intervals,36
0,0,0
0,0,0,0,0,0,0,0,0,0,0,0,0,0,0,0,0,0,0,0,0,0,0,0,0,0,0,0,0,0,0,0,0,0,0,0,0,0,0,0,0,0,0,0,0,0,0,0,0,0,0,0,0,0,0,0,0,0,0,0,0,0,0,0,0,0,0,0,0,0,0,0,0,0,0,0,0,0,0,0,0,0,0,0,0,0,0,0,0,0,0,0,0,0,0,0,0,0,0,0
0,1,0
0.000507051,0.00094081,0.00148842,0.00208036,0.00272928,0.00363267,0.00561059,0.0115383,0.0240564,0.0406229,0.0570338,0.0690737,0.074932,0.0764574,0.0746375,0.0712314,0.0677263,0.064741,0.0628543,0.0615846,0.0587284,0.0546716,0.0503727,0.0631533,0.0767051,0.0893038,0.101514,0.112523,0.123577,0.135134,0.146666,0.157135,0.167981,0.174124,0.173702,0.165564,0.151426,0.135096,0.120289,0.10923,0.10225,0.10073,0.103101,0.110649,0.122316,0.135608,0.148612,0.159757,0.170505,0.179919,0.183529,0.182101,0.178631,0.176195,0.17585,0.177674,0.180761,0.18303,0.183038,0.181313,0.181456,0.182152,0.183722,0.185227,0.184686,0.179408,0.167979,0.1522,0.134038,0.117999,0.110292,0.110871,0.113302,0.113011,0.11271,0.114998,0.119327,0.12501,0.131948,0.141532,0.151728,0.157076,0.151619,0.134376,0.111782,0.0938592,0.0890099,0.0927505,0.0954905,0.0910376,0.079659,0.066418,0.057467,0.0573435,0.0627117,0.0678815,0.0699675,0.0679024,0.0598304,0.0454179
0,2,0
0,0,0,0,0,0,0,0,0,0,0,0,0,0,0,0,0,0,0,0,0,0,0,0,0,0,0,0,0,0,0,0,0,0,0,0,0,0,0,0,0,0,0,0,0,0,0,0,0,0,0,0,0,0,0,0,0,0,0,0,0,0,0,0,0,0,0,0,0,0,0,0,0,0,0,0,0,0,0,0,0,0,0,0,0,0,0,0,0,0,0,0,0,0,0,0,0,0,0,0
0,3,0
0,0,0,0,0,0,0,0,0,0,0,0,0,0,0,0,0,0,0,0,0,0,0,0,0,0,0,0,0,0,0,0,0,0,0,0,0,0,0,0,0,0,0,0,0,0,0,0,0,0,0,0,0,0,0,0,0,0,0,0,0,0,0,0,0,0,0,0,0,0,0,0,0,0,0,0,0,0,0,0,0,0,0,0,0,0,0,0,0,0,0,0,0,0,0,0,0,0,0,0
1,0,0
0,0,0,0,0,0,0,0,0,0,0,0,0,0,0,0,0,0,0,0,0,0,0,0,0,0,0,0,0,0,0,0,0,0,0,0,0,0,0,0,0,0,0,0,0,0,0,0,0,0,0,0,0,0,0,0,0,0,0,0,0,0,0,0,0,0,0,0,0,0,0,0,0,0,0,0,0,0,0,0,0,0,0,0,0,0,0,0,0,0,0,0,0,0,0,0,0,0,0,0
1,1,0
0,0,0,0,0,0,0,0,0,0,0,0,0,0,0,0,0,0,0,0,0,0,0,0,0,0,0,0,0,0,0,0,0,0,0,0,0,0,0,0,0,0,0,0,0,0,0,0,0,0,0,0,0,0,0,0,0,0,0,0,0,0,0,0,0,0,0,0,0,0,0,0,0,0,0,0,0,0,0,0,0,0,0,0,0,0,0,0,0,0,0,0,0,0,0,0,0,0,0,0
1,2,0
0.0106931,0.0158994,0.0195123,0.0219635,0.0241806,0.0272031,0.0296789,0.0305777,0.0301449,0.0296287,0.0325286,0.0392402,0.0431794,0.0447678,0.0446436,0.0432211,0.04389,0.0480024,0.0510005,0.052536,0.05297,0.0528331,0.0525297,0.0523148,0.0522852,0.0518662,0.0503687,0.0476436,0.0460996,0.0462758,0.0465344,0.0469651,0.0476159,0.0488476,0.052264,0.0584327,0.06364,0.0664221,0.0666445,0.0648678,0.061964,0.0600203,0.0586365,0.058254,0.058371,0.0580516,0.0569134,0.0553552,0.0541079,0.0534512,0.0532418,0.0533413,0.0534778,0.053595,0.0537147,0.0539759,0.0543104,0.0544993,0.0539912,0.0530309,0.0513497,0.0495323,0.0480187,0.0468401,0.0457565,0.0446643,0.0434186,0.0420037,0.0405845,0.0386652,0.0364024,0.0344327,0.0332111,0.0330267,0.0327061,0.0315574,0.0299719,0.0289278,0.029403,0.0314123,0.0339113,0.035505,0.0352466,0.0330144,0.029636,0.0250419,0.0223822,0.0231144,0.0235252,0.0229505,0.0207259,0.0166413,0.0113892,0.00833292,0.00673431,0.00538725,0.00405977,0.00273851,0.00163747,0.000846274
1,3,0
0.00496457,0.00830763,0.0170589,0.0302567,0.0433443,0.0510232,0.0522583,0.0499978,0.047128,0.0441364,0.0460512,0.0511329,0.0550656,0.0592114,0.0642424,0.0708477,0.0764975,0.0784867,0.077156,0.074192,0.0716458,0.0705075,0.0703148,0.0704362,0.071646,0.0717693,0.0704287,0.0705101,0.0742021,0.0765112,0.0776727,0.0793719,0.0823274,0.0857577,0.0877691,0.0869458,0.0842363,0.085115,0.087264,0.0910129,0.0950693,0.0980066,0.0996034,0.0993252,0.0967639,0.092665,0.09048,0.0908703,0.0929217,0.0952524,0.0967192,0.0974857,0.0979874,0.0987759,0.0993154,0.0982684,0.0944521,0.0881533,0.0811754,0.075507,0.0718548,0.0703855,0.0699382,0.0678958,0.0653924,0.0629744,0.0611864,0.0602277,0.0603798,0.061577,0.0633384,0.0657354,0.0682616,0.0747148,0.0799466,0.0823985,0.0818167,0.0790696,0.0747582,0.0695511,0.0633998,0.0577908,0.0519522,0.0467951,0.0438513,0.0427301,0.0419337,0.0431027,0.0445035,0.0462771,0.0477201,0.046277,0.0402227,0.030031,0.0193147,0.011126,0.00609905,0.00328149,0.00180418,0.000894417
2,0,0
0,0,0,0,0,0,0,0,0,0,0,0,0,0,0,0,0,0,0,0,0,0,0,0,0,0,0,0,0,0,0,0,0,0,0,0,0,0,0,0,0,0,0,0,0,0,0,0,0,0,0,0,0,0,0,0,0,0,0,0,0,0,0,0,0,0,0,0,0,0,0,0,0,0,0,0,0,0,0,0,0,0,0,0,0,0,0,0,0,0,0,0,0,0,0,0,0,0,0,0
2,1,0
0.00208373,0.00425626,0.00742915,0.0115433,0.0160408,0.0207375,0.0257237,0.0317181,0.0378852,0.0432881,0.0468493,0.0489364,0.0503016,0.0503595,0.0495777,0.0486294,0.0482818,0.048908,0.0502824,0.0518846,0.0526431,0.0526531,0.0524845,0.0524133,0.0529631,0.0533093,0.0533336,0.0531106,0.052695,0.0521702,0.0517211,0.0513856,0.0512285,0.0511992,0.0515474,0.0521902,0.0525935,0.0525669,0.0524816,0.0528345,0.0545805,0.0562367,0.0573141,0.0576111,0.0570394,0.0552001,0.0516539,0.0473453,0.0416554,0.0359934,0.0346814,0.0345608,0.0347759,0.0352127,0.0357524,0.0362425,0.0365928,0.0368007,0.036895,0.0369124,0.0369261,0.0370513,0.0374069,0.0380407,0.0388444,0.0400938,0.0406837,0.0407067,0.040599,0.0407499,0.0416597,0.04353,0.0472451,0.0530272,0.061419,0.0698344,0.0760535,0.0785068,0.0764906,0.0702461,0.0617634,0.0537086,0.0486777,0.0456641,0.0444494,0.0439708,0.0439054,0.0436579,0.0418715,0.0365397,0.0273636,0.0167782,0.00799195,0.00663681,0.00549373,0.00401071,0.00259739,0.00156579,0.000944957,0.000570159
2,2,0
0,0,0,0,0,0,0,0,0,0,0,0,0,0,0,0,0,0,0,0,0,0,0,0,0,0,0,0,0,0,0,0,0,0,0,0,0,0,0,0,0,0,0,0,0,0,0,0,0,0,0,0,0,0,0,0,0,0,0,0,0,0,0,0,0,0,0,0,0,0,0,0,0,0,0,0,0,0,0,0,0,0,0,0,0,0,0,0,0,0,0,0,0,0,0,0,0,0,0,0
2,3,0
0,0,0,0,0,0,0,0,0,0,0,0,0,0,0,0,0,0,0,0,0,0,0,0,0,0,0,0,0,0,0,0,0,0,0,0,0,0,0,0,0,0,0,0,0,0,0,0,0,0,0,0,0,0,0,0,0,0,0,0,0,0,0,0,0,0,0,0,0,0,0,0,0,0,0,0,0,0,0,0,0,0,0,0,0,0,0,0,0,0,0,0,0,0,0,0,0,0,0,0
3,0,0
0,0,0,0,0,0,0,0,0,0,0,0,0,0,0,0,0,0,0,0,0,0,0,0,0,0,0,0,0,0,0,0,0,0,0,0,0,0,0,0,0,0,0,0,0,0,0,0,0,0,0,0,0,0,0,0,0,0,0,0,0,0,0,0,0,0,0,0,0,0,0,0,0,0,0,0,0,0,0,0,0,0,0,0,0,0,0,0,0,0,0,0,0,0,0,0,0,0,0,0
3,1,0
0,0,0,0,0,0,0,0,0,0,0,0,0,0,0,0,0,0,0,0,0,0,0,0,0,0,0,0,0,0,0,0,0,0,0,0,0,0,0,0,0,0,0,0,0,0,0,0,0,0,0,0,0,0,0,0,0,0,0,0,0,0,0,0,0,0,0,0,0,0,0,0,0,0,0,0,0,0,0,0,0,0,0,0,0,0,0,0,0,0,0,0,0,0,0,0,0,0,0,0
3,2,0
0,0,0,0,0,0,0,0,0,0,0,0,0,0,0,0,0,0,0,0,0,0,0,0,0,0,0,0,0,0,0,0,0,0,0,0,0,0,0,0,0,0,0,0,0,0,0,0,0,0,0,0,0,0,0,0,0,0,0,0,0,0,0,0,0,0,0,0,0,0,0,0,0,0,0,0,0,0,0,0,0,0,0,0,0,0,0,0,0,0,0,0,0,0,0,0,0,0,0,0
3,3,0
0,0,0,0,0,0,0,0,0,0,0,0,0,0,0,0,0,0,0,0,0,0,0,0,0,0,0,0,0,0,0,0,0,0,0,0,0,0,0,0,0,0,0,0,0,0,0,0,0,0,0,0,0,0,0,0,0,0,0,0,0,0,0,0,0,0,0,0,0,0,0,0,0,0,0,0,0,0,0,0,0,0,0,0,0,0,0,0,0,0,0,0,0,0,0,0,0,0,0,0
