Locations,4
Location Intervals,100
Sector Intervals,36
0,0,0
0,0,0,0,0,0,0,0,0,0,0,0,0,0,0,0,0,0,0,0,0,0,0,0,0,0,0,0,0,0,0,0,0,0,0,0,0,0,0,0,0,0,0,0,0,0,0,0,0,0,0,0,0,0,0,0,0,0,0,0,0,0,0,0,0,0,0,0,0,0,0,0,0,0,0,0,0,0,0,0,0,0,0,0,0,0,0,0,0,0,0,0,0,0,0,0,0,0,0,0
0,1,0
0,0,0,0,0,0.00767899,0.071164,0.0731026,0.0731279,0.076705,0.0767015,0.0767528,0.136049,0.136178,0.136339,0.136241,0.136141,0.0773348,0.0774035,0.0775547,0.0776189,0.0777092,0.0777145,0.0777402,0.0639923,0.0644569,0.0639581,0.0823192,0.0823335,0,0,0,0,0,0,0,0,0,0,0,0,0,0,0,0,0,0,0,0,0,0,0,0,0,0,0,0,0,0.035069,0.0351013,0.0350973,0.0351145,0.0351259,0.035118,0.0350277,0.0349137,0.0347837,0.0346384,0.0334214,0.0333943,0.0333463,0.0331779,0.0177278,0.017377,0.0174343,0.0810291,0.0815682,0.0815664,0.0812543,0.0809957,0.0804743,0.0718641,0.089763,0.0897886,0.0898123,0.0886357,0.084209,0.0838225,0.0834528,0.0289626,0.0276448,0,0,0,0,0,0,0,0,0
0,2,0
0,0,0,0,0,0,0,0,0,0,0,0,0,0,0,0,0,0,0,0,0,0,0,0,0,0,0,0,0,0,0,0,0,0,0,0,0,0,0,0,0,0,0,0,0,0,0,0,0,0,0,0,0,0,0,0,0,0,0,0,0,0,0,0,0,0,0,0,0,0,0,0,0,0,0,0,0,0,0,0,0,0,0,0,0,0,0,0,0,0,0,0,0,0,0,0,0,0,0,0
0,3,0
0,0,0,0,0,0,0,0,0,0,0,0,0,0,0,0,0,0,0,0,0,0,0,0,0,0,0,0,0,0,0,0,0,0,0,0,0,0,0,0,0,0,0,0,0,0,0,0,0,0,0,0,0,0,0,0,0,0,0,0,0,0,0,0,0,0,0,0,0,0,0,0,0,0,0,0,0,0,0,0,0,0,0,0,0,0,0,0,0,0,0,0,0,0,0,0,0,0,0,0
1,0,0
0,0,0,0,0,0,0,0,0,0,0,0,0,0,0,0,0,0,0,0,0,0,0,0,0,0,0,0,0,0,0,0,0,0,0,0,0,0,0,0,0,0,0,0,0,0,0,0,0,0,0,0,0,0,0,0,0,0,0,0,0,0,0,0,0,0,0,0,0,0,0,0,0,0,0,0,0,0,0,0,0,0,0,0,0,0,0,0,0,0,0,0,0,0,0,0,0,0,0,0
1,1,0
0,0,0,0,0,0,0,0,0,0,0,0,0,0,0,0,0,0,0,0,0,0,0,0,0,0,0,0,0,0,0,0,0,0,0,0,0,0,0,0,0,0,0,0,0,0,0,0,0,0,0,0,0,0,0,0,0,0,0,0,0,0,0,0,0,0,0,0,0,0,0,0,0,0,0,0,0,0,0,0,0,0,0,0,0,0,0,0,0,0,0,0,0,0,0,0,0,0,0,0
1,2,0
0,0,0,0,0,0,0,0,0,0.00239168,0.0025443,0.00265473,0.00269737,0.00265956,0,0,0,0,0,0,0,0,0,0,0,0,0,0,0.0569691,0.0572009,0.0574874,0.0573842,0.0573313,0.0132462,0.0135276,0.0137722,0.0628746,0.0629775,0.0630669,0.0627399,0.0624,0.0532141,0.053171,0.0561449,0.056162,0.0562571,0.0558951,0.0555896,0.0553497,0.0551638,0.0569814,0.0569281,0.0569305,0.0565988,0.056329,0.0561069,0.0559435,0.0496642,0.0496039,0.0495737,0.0490202,0.0487432,0,0,0,0.0473409,0.0472796,0.0472616,0.0470697,0.0751809,0.0753082,0.0753708,0.0754401,0.0742231,0.0740374,0.0738563,0.0717039,0.0717931,0.0718163,0.0718343,0.0704253,0.07023,0.0699544,0.0488482,0.04877,0.0467596,0.0702392,0.0703231,0.0702691,0.0702517,0.0668854,0.0429893,0.0444941,0.0444479,0.0443981,0.040888,0.0408156,0.0323553,0.00412117,0.00401614
1,3,0
0,0.0172321,0.0922305,0.0163036,0.0159791,0.0156905,0,0,0.0981279,0.0485685,0.0515013,0.0549643,0.253333,0.25645,0.265588,0.268296,0.26835,0.276785,0.276443,0.278635,0.281456,0.283977,0.285428,0.286664,0.2875,0.288514,0.298269,0.300515,0.302485,0.301365,0.301267,0.302076,0.303427,0.303194,0.3031,0.303069,0.303558,0.303958,0.30291,0.30251,0.301468,0.300523,0.298508,0.298508,0.29593,0.29583,0.294375,0.293825,0.308309,0.307637,0.307712,0.307771,0.304843,0.3049,0.303954,0.303002,0.297181,0.295914,0.189264,0.188238,0.188005,0.152887,0.154808,0.154923,0.155,0.154834,0.154721,0.154006,0.152572,0.150667,0.148878,0.143997,0.139098,0.138729,0.132265,0.130697,0.129129,0.127099,0.116145,0.112262,0.10511,0.104846,0.096115,0.0939071,0.089484,0.0873852,0.0852418,0.0827605,0.0805067,0.0617849,0.0612682,0.0620301,0.0592469,0.0543064,0.0398495,0.0212538,0.0268913,0.0115939,0.0226743,0.0230073
2,0,0
0,0,0,0,0,0,0,0,0,0,0,0,0,0,0,0,0,0,0,0,0,0,0,0,0,0,0,0,0,0,0,0,0,0,0,0,0,0,0,0,0,0,0,0,0,0,0,0,0,0,0,0,0,0,0,0,0,0,0,0,0,0,0,0,0,0,0,0,0,0,0,0,0,0,0,0,0,0,0,0,0,0,0,0,0,0,0,0,0,0,0,0,0,0,0,0,0,0,0,0
2,1,0
0,0,0.00524112,0,0.0178488,0.0187955,0.0302015,0.0313105,0.0320484,0.0326108,0.0326467,0.0326916,0.0311365,0.0322782,0.032842,0.033395,0.034138,0.0346614,0.0348712,0.0350695,0.0351957,0.0489449,0.0489674,0.051367,0.0513857,0.0513843,0.051363,0.0394537,0.0393447,0.0392486,0.0351753,0.0350316,0.0349021,0.0149119,0.0147547,0.014584,0.014435,0.0140856,0.0139412,0.0411401,0.041148,0.0411588,0.0416659,0.0416827,0.0571526,0.057185,0.0569383,0.056604,0.0565687,0.0555722,0.0274334,0.0272556,0.00421067,0.0413747,0.0413785,0.0414005,0.0414082,0.0414452,0.0421763,0.0422285,0.0422858,0.0423471,0.0424117,0.0434961,0.0435938,0.0436918,0.0437877,0.0438175,0.0439176,0.0439878,0.044021,0.044087,0.0440914,0.0440945,0,0,0,0,0,0,0,0,0,0,0,0,0,0,0,0,0,0,0,0,0,0,0,0,0,0
2,2,0
0,0,0,0,0,0,0,0,0,0,0,0,0,0,0,0,0,0,0,0,0,0,0,0,0,0,0,0,0,0,0,0,0,0,0,0,0,0,0,0,0,0,0,0,0,0,0,0,0,0,0,0,0,0,0,0,0,0,0,0,0,0,0,0,0,0,0,0,0,0,0,0,0,0,0,0,0,0,0,0,0,0,0,0,0,0,0,0,0,0,0,0,0,0,0,0,0,0,0,0
2,3,0
0,0,0,0,0,0,0,0,0,0,0,0,0,0,0,0,0,0,0,0,0,0,0,0,0,0,0,0,0,0,0,0,0,0,0,0,0,0,0,0,0,0,0,0,0,0,0,0,0,0,0,0,0,0,0,0,0,0,0,0,0,0,0,0,0,0,0,0,0,0,0,0,0,0,0,0,0,0,0,0,0,0,0,0,0,0,0,0,0,0,0,0,0,0,0,0,0,0,0,0
3,0,0
0,0,0,0,0,0,0,0,0,0,0,0,0,0,0,0,0,0,0,0,0,0,0,0,0,0,0,0,0,0,0,0,0,0,0,0,0,0,0,0,0,0,0,0,0,0,0,0,0,0,0,0,0,0,0,0,0,0,0,0,0,0,0,0,0,0,0,0,0,0,0,0,0,0,0,0,0,0,0,0,0,0,0,0,0,0,0,0,0,0,0,0,0,0,0,0,0,0,0,0
3,1,0
0,0,0,0,0,0,0,0,0,0,0,0,0,0,0,0,0,0,0,0,0,0,0,0,0,0,0,0,0,0,0,0,0,0,0,0,0,0,0,0,0,0,0,0,0,0,0,0,0,0,0,0,0,0,0,0,0,0,0,0,0,0,0,0,0,0,0,0,0,0,0,0,0,0,0,0,0,0,0,0,0,0,0,0,0,0,0,0,0,0,0,0,0,0,0,0,0,0,0,0
3,2,0
0,0,0,0,0,0,0,0,0,0,0,0,0,0,0,0,0,0,0,0,0,0,0,0,0,0,0,0,0,0,0,0,0,0,0,0,0,0,0,0,0,0,0,0,0,0,0,0,0,0,0,0,0,0,0,0,0,0,0,0,0,0,0,0,0,0,0,0,0,0,0,0,0,0,0,0,0,0,0,0,0,0,0,0,0,0,0,0,0,0,0,0,0,0,0,0,0,0,0,0
3,3,0
0,0,0,0,0,0,0,0,0,0,0,0,0,0,0,0,0,0,0,0,0,0,0,0,0,0,0,0,0,0,0,0,0,0,0,0,0,0,0,0,0,0,0,0,0,0,0,0,0,0,0,0,0,0,0,0,0,0,0,0,0,0,0,0,0,0,0,0,0,0,0,0,0,0,0,0,0,0,0,0,0,0,0,0,0,0,0,0,0,0,0,0,0,0,0,0,0,0,0,0
