51,0,0.503921,-0.194571,1.8732,0.123261,0.507679,1.76461,RELEASE
52,0,0.503805,-0.195141,1.87545,0.123261,0.507679,1.76461,RELEASE
53,0,0.505045,-0.193001,1.88094,0.123261,0.507679,1.76461,RELEASE
54,0,0.503578,-0.196171,1.874,0.123261,0.507679,1.76461,RELEASE
55,0,0.501604,-0.193944,1.87434,0.123261,0.507679,1.76461,RELEASE
56,0,0.502116,-0.195062,1.87189,0.123261,0.507679,1.76461,RELEASE
57,0,0.502485,-0.194529,1.8723,0.123261,0.507679,1.76461,RELEASE
58,0,0.502382,-0.195723,1.87283,0.123261,0.507679,1.76461,RELEASE
59,0,0.504971,-0.195242,1.87318,0.123261,0.507679,1.76461,RELEASE
60,0,0.503018,-0.195354,1.87169,0.123261,0.507679,1.76461,RELEASE
61,0,0.502722,-0.195093,1.87204,0.123261,0.507679,1.76461,RELEASE
62,0,0.501118,-0.195389,1.87202,0.123261,0.507679,1.76461,RELEASE
63,0,0.502295,-0.194692,1.87637,0.123261,0.507679,1.76461,RELEASE
64,0,0.50396,-0.195399,1.87304,0.123261,0.507679,1.76461,RELEASE
65,0,0.503227,-0.196406,1.87198,0.123261,0.507679,1.76461,RELEASE
66,0,0.503842,-0.193897,1.87293,0.123261,0.507679,1.76461,RELEASE
67,0,0.503451,-0.19213,1.87815,0.123261,0.507679,1.76461,RELEASE
68,0,0.502031,-0.197328,1.86664,0.123261,0.507679,1.76461,RELEASE
69,0,0.502802,-0.194145,1.8729,0.123261,0.507679,1.76461,RELEASE
70,0,0.502625,-0.195704,1.87272,0.123261,0.507679,1.76461,RELEASE
71,0,0.500932,-0.196219,1.86968,0.123261,0.507679,1.76461,RELEASE
72,0,0.501841,-0.193823,1.8732,0.123261,0.507679,1.76461,RELEASE
73,0,0.501978,-0.192809,1.87347,0.123261,0.507679,1.76461,RELEASE
74,0,0.502969,-0.194566,1.86933,0.123261,0.507679,1.76461,RELEASE
75,0,0.502452,-0.196915,1.87084,0.123261,0.507679,1.76461,RELEASE
76,0,0.503036,-0.194806,1.87375,0.123261,0.507679,1.76461,RELEASE
78,0,0.502495,-0.198655,1.86742,0.123261,0.507679,1.76461,RELEASE
79,0,0.49529,-0.199339,1.86046,0.123261,0.507679,1.76461,RELEASE
80,1,0.493723,-0.193963,1.85808,0.123261,0.507679,1.76461,SHELF
81,1,0.493321,-0.192946,1.85311,0.123261,0.507679,1.76461,SHELF
82,1,0.498682,-0.193018,1.85307,0.123261,0.507679,1.76461,SHELF
83,1,0.501287,-0.192801,1.84638,0.123261,0.507679,1.76461,SHELF
84,1,0.502238,-0.19303,1.84764,0.123261,0.507679,1.76461,SHELF
85,1,0.503438,-0.193482,1.84835,0.123261,0.507679,1.76461,SHELF
86,1,0.517622,-0.194712,1.85694,0.123261,0.507679,1.76461,SHELF
87,1,0.520819,-0.1911,1.86266,0.123261,0.507679,1.76461,SHELF
88,1,0.521227,-0.19311,1.86156,0.123261,0.507679,1.76461,SHELF
89,1,0.521473,-0.193491,1.86395,0.123261,0.507679,1.76461,SHELF
90,1,0.519787,-0.193823,1.86085,0.123261,0.507679,1.76461,SHELF
91,1,0.519805,-0.192704,1.86005,0.123261,0.507679,1.76461,SHELF
92,1,0.511038,-0.189474,1.83087,0.123261,0.507679,1.76461,SHELF
93,1,0.510865,-0.186461,1.83402,0.123261,0.507679,1.76461,SHELF
94,1,0.508996,-0.181037,1.8294,0.123261,0.507679,1.76461,SHELF
95,1,0.504801,-0.174431,1.82361,0.123261,0.507679,1.76461,SHELF
96,1,0.498529,-0.167449,1.82175,0.123261,0.507679,1.76461,SHELF
97,1,0.489665,-0.162092,1.80901,0.123261,0.507679,1.76461,SHELF
98,1,0.482147,-0.15882,1.80981,0.123261,0.507679,1.76461,SHELF
99,1,0.467779,-0.156316,1.80272,0.123261,0.507679,1.76461,SHELF
100,1,0.454753,-0.157649,1.79818,0.123261,0.507679,1.76461,SHELF
101,1,0.440875,-0.159884,1.79468,0.123261,0.507679,1.76461,SHELF
102,1,0.420549,-0.159925,1.78304,0.123261,0.507679,1.76461,SHELF
103,1,0.398656,-0.165787,1.77948,0.123261,0.507679,1.76461,SHELF
104,1,0.380412,-0.173296,1.77754,0.123261,0.507679,1.76461,SHELF
105,1,0.358364,-0.181992,1.77558,0.123261,0.507679,1.76461,SHELF
106,1,0.330855,-0.191873,1.76766,0.123261,0.507679,1.76461,MOVE
107,1,0.323363,-0.201335,1.7366,0.123261,0.507679,1.76461,MOVE
108,1,0.28807,-0.209013,1.76718,0.123261,0.507679,1.76461,MOVE
109,1,0.26424,-0.215716,1.76283,0.123261,0.507679,1.76461,MOVE
110,1,0.244142,-0.225974,1.76404,0.123261,0.507679,1.76461,MOVE
111,1,0.221363,-0.231885,1.75439,0.123261,0.507679,1.76461,MOVE
112,1,0.198314,-0.236648,1.74828,0.123261,0.507679,1.76461,MOVE
113,1,0.176189,-0.242563,1.73744,0.123261,0.507679,1.76461,MOVE
114,1,0.157419,-0.249081,1.73334,0.123261,0.507679,1.76461,MOVE
115,1,0.136901,-0.255933,1.72534,0.123261,0.507679,1.76461,MOVE
116,1,0.117199,-0.258643,1.722,0.123261,0.507679,1.76461,MOVE
117,1,0.102289,-0.262596,1.71765,0.123261,0.507679,1.76461,MOVE
118,1,0.0904759,-0.268222,1.7188,0.123261,0.507679,1.76461,MOVE
119,1,0.0807214,-0.273539,1.71987,0.123261,0.507679,1.76461,TABLE2
120,1,0.0728445,-0.278997,1.72313,0.123261,0.507679,1.76461,TABLE2
121,1,0.0680637,-0.284392,1.72807,0.123261,0.507679,1.76461,TABLE2
122,1,0.0640608,-0.286275,1.73026,0.123261,0.507679,1.76461,TABLE2
123,1,0.062223,-0.289906,1.73654,0.123261,0.507679,1.76461,TABLE2
124,1,0.0604694,-0.29057,1.74132,0.123261,0.507679,1.76461,TABLE2
125,1,0.061263,-0.291403,1.74781,0.123261,0.507679,1.76461,TABLE2
126,1,0.0587415,-0.290685,1.75533,0.123261,0.507679,1.76461,TABLE2
127,1,0.0599004,-0.288218,1.76137,0.123261,0.507679,1.76461,TABLE2
128,1,0.0633403,-0.285561,1.76893,0.123261,0.507679,1.76461,TABLE2
129,1,0.0630739,-0.28244,1.77642,0.123261,0.507679,1.76461,TABLE2
130,1,0.0639173,-0.280506,1.78748,0.123261,0.507679,1.76461,TABLE2
131,1,0.0637067,-0.27706,1.79415,0.123261,0.507679,1.76461,TABLE2
132,1,0.0648651,-0.275485,1.80492,0.123261,0.507679,1.76461,TABLE2
133,1,0.0651222,-0.272732,1.81469,0.123261,0.507679,1.76461,TABLE2
134,1,0.0655824,-0.270999,1.82207,0.123261,0.507679,1.76461,TABLE2
135,1,0.0650137,-0.267929,1.83091,0.123261,0.507679,1.76461,TABLE2
136,1,0.0654897,-0.264981,1.83922,0.123261,0.507679,1.76461,TABLE2
137,1,0.0630385,-0.262915,1.849,0.123261,0.507679,1.76461,TABLE2
138,1,0.0654721,-0.261257,1.85531,0.123261,0.507679,1.76461,TABLE2
139,1,0.0640865,-0.259451,1.85967,0.123261,0.507679,1.76461,TABLE2
140,1,0.0628498,-0.255415,1.866,0.123261,0.507679,1.76461,TABLE2
141,1,0.0648378,-0.251973,1.87558,0.123261,0.507679,1.76461,TABLE2
142,1,0.0665919,-0.248535,1.87518,0.123261,0.507679,1.76461,TABLE2
143,1,0.062856,-0.243854,1.86533,0.123261,0.507679,1.76461,TABLE2
144,1,0.0563339,-0.24082,1.85102,0.123261,0.507679,1.76461,TABLE2
145,1,0.04451,-0.24456,1.82724,0.123261,0.507679,1.76461,TABLE2
146,1,0.0333426,-0.250181,1.80658,0.123261,0.507679,1.76461,TABLE2
147,1,0.0160677,-0.256568,1.78355,0.123261,0.507679,1.76461,TABLE2
148,1,-0.00154605,-0.264406,1.76247,0.123261,0.507679,1.76461,TABLE2
149,1,-0.0184818,-0.267884,1.74502,0.123261,0.507679,1.76461,TABLE2
150,1,-0.0324044,-0.2753,1.72795,0.123261,0.507679,1.76461,TABLE2
151,1,-0.0405574,-0.280609,1.72415,0.123261,0.507679,1.76461,TABLE2
152,1,-0.0463288,-0.286753,1.72446,0.123261,0.507679,1.76461,TABLE2
153,1,-0.0472928,-0.292684,1.72334,0.123261,0.507679,1.76461,TABLE2
154,1,-0.0444911,-0.295758,1.72337,0.123261,0.507679,1.76461,TABLE2
155,1,-0.0440329,-0.294734,1.7232,0.123261,0.507679,1.76461,TABLE2
156,1,-0.0421897,-0.295909,1.72299,0.123261,0.507679,1.76461,TABLE2
157,1,-0.0377253,-0.296581,1.72794,0.123261,0.507679,1.76461,TABLE2
158,1,-0.0345047,-0.296813,1.73039,0.123261,0.507679,1.76461,TABLE2
159,1,-0.0311783,-0.294623,1.7396,0.123261,0.507679,1.76461,TABLE2
160,1,-0.0239521,-0.292261,1.74517,0.123261,0.507679,1.76461,TABLE2
161,1,-0.0168136,-0.292064,1.75013,0.123261,0.507679,1.76461,TABLE2
162,1,-0.010895,-0.288983,1.75971,0.123261,0.507679,1.76461,TABLE2
163,1,-0.00492712,-0.288822,1.76605,0.123261,0.507679,1.76461,TABLE2
164,1,0.00223555,-0.285176,1.77379,0.123261,0.507679,1.76461,TABLE2
165,1,0.00770332,-0.28185,1.78444,0.123261,0.507679,1.76461,TABLE2
166,1,0.0143915,-0.27895,1.79367,0.123261,0.507679,1.76461,TABLE2
167,1,0.0185723,-0.277233,1.80575,0.123261,0.507679,1.76461,TABLE2
168,1,0.0218578,-0.273523,1.81258,0.123261,0.507679,1.76461,TABLE2
169,1,0.0252689,-0.271468,1.82663,0.123261,0.507679,1.76461,TABLE2
170,1,0.0281067,-0.268935,1.83403,0.123261,0.507679,1.76461,TABLE2
171,1,0.0303079,-0.266164,1.83864,0.123261,0.507679,1.76461,TABLE2
172,1,0.0318232,-0.263471,1.84583,0.123261,0.507679,1.76461,TABLE2
173,1,0.0348924,-0.262258,1.85626,0.123261,0.507679,1.76461,TABLE2
174,1,0.0348344,-0.259678,1.85953,0.123261,0.507679,1.76461,TABLE2
175,1,0.0347001,-0.257971,1.86032,0.123261,0.507679,1.76461,TABLE2
176,1,0.0304291,-0.25386,1.86145,0.123261,0.507679,1.76461,TABLE2
177,1,0.0273509,-0.2523,1.85498,0.123261,0.507679,1.76461,TABLE2
178,1,0.0194659,-0.251478,1.84116,0.123261,0.507679,1.76461,TABLE2
179,1,0.0122056,-0.259025,1.82376,0.123261,0.507679,1.76461,TABLE2
180,1,-0.00725613,-0.264085,1.80436,0.123261,0.507679,1.76461,TABLE2
181,1,-0.0319242,-0.26718,1.782,0.123261,0.507679,1.76461,TABLE2
182,1,-0.0548278,-0.269338,1.76497,0.123261,0.507679,1.76461,TABLE2
183,1,-0.0753205,-0.27614,1.75855,0.123261,0.507679,1.76461,TABLE2
184,1,-0.0947971,-0.27984,1.75952,0.123261,0.507679,1.76461,TABLE2
185,1,-0.109574,-0.285772,1.76029,0.123261,0.507679,1.76461,TABLE2
186,1,-0.119794,-0.287392,1.75997,0.123261,0.507679,1.76461,TABLE2
187,1,-0.126107,-0.293913,1.75211,0.123261,0.507679,1.76461,TABLE2
188,1,-0.124946,-0.292387,1.75341,0.123261,0.507679,1.76461,TABLE2
189,1,-0.125942,-0.291007,1.74991,0.123261,0.507679,1.76461,TABLE2
190,1,-0.12266,-0.292606,1.7503,0.123261,0.507679,1.76461,TABLE2
191,1,-0.116537,-0.292178,1.75052,0.123261,0.507679,1.76461,TABLE2
192,1,-0.107229,-0.290007,1.75149,0.123261,0.507679,1.76461,TABLE2
193,1,-0.0984437,-0.288904,1.75596,0.123261,0.507679,1.76461,TABLE2
194,1,-0.0894648,-0.287569,1.75825,0.123261,0.507679,1.76461,TABLE2
195,1,-0.0752813,-0.28666,1.76063,0.123261,0.507679,1.76461,TABLE2
196,1,-0.0590545,-0.284196,1.77111,0.123261,0.507679,1.76461,TABLE2
197,1,-0.0479003,-0.282562,1.77666,0.123261,0.507679,1.76461,TABLE2
198,1,-0.0331938,-0.281751,1.78531,0.123261,0.507679,1.76461,TABLE2
199,1,-0.0195761,-0.279982,1.79291,0.123261,0.507679,1.76461,TABLE2
200,1,-0.0038707,-0.278068,1.80687,0.123261,0.507679,1.76461,TABLE2
201,1,0.00718362,-0.275481,1.82016,0.123261,0.507679,1.76461,TABLE2
202,1,0.0216616,-0.273613,1.83162,0.123261,0.507679,1.76461,TABLE2
203,1,0.0232111,-0.267321,1.8423,0.123261,0.507679,1.76461,TABLE2
204,1,0.0323705,-0.262746,1.8503,0.123261,0.507679,1.76461,TABLE2
205,1,0.0332227,-0.260667,1.86006,0.123261,0.507679,1.76461,TABLE2
206,1,0.0347623,-0.257326,1.86483,0.123261,0.507679,1.76461,TABLE2
207,1,0.0427882,-0.259975,1.86779,0.123261,0.507679,1.76461,TABLE2
208,1,0.0387748,-0.25378,1.86835,0.123261,0.507679,1.76461,TABLE2
209,1,0.0399441,-0.254883,1.86692,0.123261,0.507679,1.76461,TABLE2
210,1,0.0311252,-0.252088,1.8533,0.123261,0.507679,1.76461,TABLE2
211,1,0.0127355,-0.252027,1.83897,0.123261,0.507679,1.76461,TABLE2
212,1,-0.0125014,-0.251469,1.82025,0.123261,0.507679,1.76461,TABLE2
213,1,-0.0427703,-0.252525,1.81187,0.123261,0.507679,1.76461,TABLE2
214,1,-0.0734613,-0.253464,1.80152,0.123261,0.507679,1.76461,TABLE2
215,1,-0.100287,-0.256527,1.80861,0.123261,0.507679,1.76461,TABLE2
216,1,-0.121181,-0.259691,1.81419,0.123261,0.507679,1.76461,TABLE2
217,1,-0.139608,-0.263227,1.81971,0.123261,0.507679,1.76461,TABLE2
218,1,-0.154287,-0.266393,1.81727,0.123261,0.507679,1.76461,TABLE2
219,1,-0.165286,-0.269383,1.81454,0.123261,0.507679,1.76461,TABLE2
220,1,-0.170949,-0.27692,1.80475,0.123261,0.507679,1.76461,TABLE2
221,1,-0.17074,-0.274483,1.80799,0.123261,0.507679,1.76461,TABLE2
222,1,-0.164447,-0.276784,1.80937,0.123261,0.507679,1.76461,TABLE2
223,1,-0.160474,-0.277601,1.80873,0.123261,0.507679,1.76461,TABLE2
224,1,-0.157427,-0.280415,1.80124,0.123261,0.507679,1.76461,TABLE2
225,1,-0.150547,-0.281943,1.79581,0.123261,0.507679,1.76461,TABLE2
226,1,-0.141367,-0.278075,1.79676,0.123261,0.507679,1.76461,TABLE2
227,1,-0.126992,-0.277939,1.79927,0.123261,0.507679,1.76461,TABLE2
228,1,-0.110038,-0.276904,1.79917,0.123261,0.507679,1.76461,TABLE2
229,1,-0.0981138,-0.272852,1.80069,0.123261,0.507679,1.76461,TABLE2
230,1,-0.0797999,-0.271055,1.80641,0.123261,0.507679,1.76461,TABLE2
231,1,-0.0639056,-0.269077,1.80602,0.123261,0.507679,1.76461,TABLE2
232,1,-0.0462595,-0.268106,1.8107,0.123261,0.507679,1.76461,TABLE2
233,1,-0.0350737,-0.266719,1.81879,0.123261,0.507679,1.76461,TABLE2
234,1,-0.0212645,-0.265359,1.82245,0.123261,0.507679,1.76461,TABLE2
235,1,-0.0095951,-0.267092,1.83265,0.123261,0.507679,1.76461,TABLE2
236,1,0.00316844,-0.266971,1.83547,0.123261,0.507679,1.76461,TABLE2
237,1,0.00798635,-0.263887,1.84039,0.123261,0.507679,1.76461,TABLE2
238,1,0.0208237,-0.26778,1.84287,0.123261,0.507679,1.76461,TABLE2
239,1,0.0237216,-0.263803,1.84684,0.123261,0.507679,1.76461,TABLE2
240,1,0.0278487,-0.261843,1.84754,0.123261,0.507679,1.76461,TABLE2
241,1,0.0268096,-0.260765,1.84484,0.123261,0.507679,1.76461,TABLE2
242,1,0.0233551,-0.257784,1.84067,0.123261,0.507679,1.76461,TABLE2
243,1,0.00829576,-0.253011,1.83756,0.123261,0.507679,1.76461,TABLE2
244,1,-0.0120072,-0.252427,1.81744,0.123261,0.507679,1.76461,TABLE2
245,1,-0.0340249,-0.249572,1.81407,0.123261,0.507679,1.76461,TABLE2
246,1,-0.0604865,-0.249155,1.81185,0.123261,0.507679,1.76461,TABLE2
247,1,-0.086956,-0.250311,1.82916,0.123261,0.507679,1.76461,TABLE2
248,1,-0.110818,-0.250876,1.83991,0.123261,0.507679,1.76461,TABLE2
249,1,-0.130428,-0.253999,1.83376,0.123261,0.507679,1.76461,TABLE2
250,1,-0.153189,-0.252879,1.85259,0.123261,0.507679,1.76461,TABLE2
251,1,-0.161703,-0.255263,1.85765,0.123261,0.507679,1.76461,TABLE2
252,1,-0.169311,-0.26215,1.85814,0.123261,0.507679,1.76461,TABLE2
253,1,-0.169817,-0.261048,1.86027,0.123261,0.507679,1.76461,TABLE2
254,1,-0.168871,-0.264505,1.86094,0.123261,0.507679,1.76461,TABLE2
255,1,-0.168612,-0.263524,1.86322,0.123261,0.507679,1.76461,TABLE2
256,1,-0.164106,-0.263969,1.86339,0.123261,0.507679,1.76461,TABLE2
257,1,-0.161265,-0.266263,1.85967,0.123261,0.507679,1.76461,TABLE2
258,1,-0.155504,-0.265117,1.86023,0.123261,0.507679,1.76461,TABLE2
259,1,-0.148108,-0.264366,1.85853,0.123261,0.507679,1.76461,TABLE2
260,1,-0.140399,-0.263176,1.85743,0.123261,0.507679,1.76461,TABLE2
261,1,-0.135254,-0.262731,1.85753,0.123261,0.507679,1.76461,TABLE2
262,1,-0.127722,-0.26199,1.85983,0.123261,0.507679,1.76461,TABLE2
263,1,-0.114071,-0.260774,1.85487,0.123261,0.507679,1.76461,TABLE2
264,1,-0.0997194,-0.258765,1.85185,0.123261,0.507679,1.76461,TABLE2
265,1,-0.0852562,-0.258395,1.85049,0.123261,0.507679,1.76461,TABLE2
266,1,-0.0713951,-0.258518,1.84934,0.123261,0.507679,1.76461,TABLE2
267,1,-0.0583185,-0.257622,1.84053,0.123261,0.507679,1.76461,TABLE2
268,1,-0.0445608,-0.259172,1.84795,0.123261,0.507679,1.76461,TABLE2
269,1,-0.0340739,-0.25658,1.84404,0.123261,0.507679,1.76461,TABLE2
270,1,-0.0275778,-0.260905,1.84035,0.123261,0.507679,1.76461,TABLE2
271,1,-0.019715,-0.260541,1.83363,0.123261,0.507679,1.76461,TABLE2
272,1,-0.00572017,-0.257377,1.8452,0.123261,0.507679,1.76461,TABLE2
273,1,0.00815992,-0.259029,1.84706,0.123261,0.507679,1.76461,TABLE2
274,1,0.0167086,-0.26348,1.84553,0.123261,0.507679,1.76461,TABLE2
275,1,0.0347896,-0.262101,1.85198,0.123261,0.507679,1.76461,TABLE2
276,1,0.0442672,-0.263302,1.85283,0.123261,0.507679,1.76461,TABLE2
277,1,0.0576846,-0.263871,1.85012,0.123261,0.507679,1.76461,TABLE2
278,1,0.0694384,-0.263895,1.85409,0.123261,0.507679,1.76461,TABLE2
279,1,0.0800133,-0.260582,1.86111,0.123261,0.507679,1.76461,TABLE2
280,1,0.0864457,-0.26308,1.86766,0.123261,0.507679,1.76461,MOVE
281,1,0.0962595,-0.261195,1.87319,0.123261,0.507679,1.76461,MOVE
282,1,0.103507,-0.260577,1.87892,0.123261,0.507679,1.76461,MOVE
283,1,0.10795,-0.259423,1.88034,0.123261,0.507679,1.76461,MOVE
284,1,0.108942,-0.254564,1.88835,0.123261,0.507679,1.76461,MOVE
285,1,0.125407,-0.256599,1.90185,0.123261,0.507679,1.76461,MOVE
286,1,0.125632,-0.25162,1.91008,0.123261,0.507679,1.76461,MOVE
287,1,0.129218,-0.248932,1.91422,0.123261,0.507679,1.76461,MOVE
288,1,0.131192,-0.246703,1.91479,0.123261,0.507679,1.76461,MOVE
289,1,0.133564,-0.244224,1.91947,0.123261,0.507679,1.76461,MOVE
290,1,0.142012,-0.243418,1.91994,0.123261,0.507679,1.76461,MOVE
291,1,0.13323,-0.238498,1.91765,0.123261,0.507679,1.76461,MOVE
292,1,0.135675,-0.237699,1.91489,0.123261,0.507679,1.76461,MOVE
293,1,0.12664,-0.231038,1.90861,0.123261,0.507679,1.76461,MOVE
294,1,0.122639,-0.223448,1.89997,0.123261,0.507679,1.76461,MOVE
295,1,0.123964,-0.218174,1.89204,0.123261,0.507679,1.76461,MOVE
296,1,0.118089,-0.206129,1.87861,0.123261,0.507679,1.76461,MOVE
297,1,0.110103,-0.191119,1.86846,0.123261,0.507679,1.76461,MOVE
298,1,0.09632,-0.177904,1.84894,0.123261,0.507679,1.76461,MOVE
299,1,0.085231,-0.163349,1.83596,0.123261,0.507679,1.76461,MOVE
300,1,0.0741116,-0.147968,1.8185,0.123261,0.507679,1.76461,MOVE
301,1,0.0575789,-0.13303,1.79781,0.123261,0.507679,1.76461,MOVE
302,1,0.0390087,-0.117349,1.7774,0.123261,0.507679,1.76461,MOVE
303,1,0.017333,-0.100986,1.76395,0.123261,0.507679,1.76461,MOVE
304,1,-0.0068699,-0.0837105,1.74501,0.123261,0.507679,1.76461,MOVE
305,1,-0.0353583,-0.0675667,1.72822,0.123261,0.507679,1.76461,MOVE
306,1,-0.0655325,-0.0531638,1.72035,0.123261,0.507679,1.76461,MOVE
307,1,-0.0963251,-0.0383649,1.71235,0.123261,0.507679,1.76461,MOVE
308,1,-0.127144,-0.0245399,1.71253,0.123261,0.507679,1.76461,MOVE
309,1,-0.168539,-0.0175879,1.71312,0.123261,0.507679,1.76461,MOVE
310,1,-0.203506,-0.0120026,1.70303,0.123261,0.507679,1.76461,MOVE
311,1,-0.239761,-0.00383738,1.70528,0.123261,0.507679,1.76461,MOVE
312,1,-0.285893,0.000306434,1.71449,0.123261,0.507679,1.76461,MOVE
313,1,-0.322669,0.00563097,1.713,0.123261,0.507679,1.76461,MOVE
314,1,-0.34969,0.00948522,1.70823,0.123261,0.507679,1.76461,MOVE
315,1,-0.376916,0.00925936,1.71528,0.123261,0.507679,1.76461,MOVE
316,1,-0.40388,0.00636259,1.71388,0.123261,0.507679,1.76461,MOVE
317,1,-0.430113,0.00475917,1.73037,0.123261,0.507679,1.76461,MOVE
318,1,-0.443837,-0.00165146,1.7243,0.123261,0.507679,1.76461,MOVE
319,1,-0.479575,-0.00340837,1.75727,0.123261,0.507679,1.76461,MOVE
320,1,-0.48587,-0.0210777,1.75018,0.123261,0.507679,1.76461,MOVE
321,1,-0.507676,-0.0278752,1.76839,0.123261,0.507679,1.76461,MOVE
322,1,-0.51751,-0.0463772,1.76929,0.123261,0.507679,1.76461,MOVE
323,1,-0.538259,-0.0524406,1.79874,0.123261,0.507679,1.76461,MOVE
324,1,-0.547757,-0.0673913,1.81077,0.123261,0.507679,1.76461,MOVE
325,1,-0.552092,-0.0866062,1.80608,0.123261,0.507679,1.76461,MOVE
326,1,-0.561114,-0.0980424,1.82995,0.123261,0.507679,1.76461,MOVE
327,1,-0.559502,-0.120854,1.82441,0.123261,0.507679,1.76461,MOVE
328,1,-0.566403,-0.136595,1.82347,0.123261,0.507679,1.76461,MOVE
329,1,-0.563674,-0.152033,1.83394,0.123261,0.507679,1.76461,MOVE
330,1,-0.563891,-0.169876,1.82552,0.123261,0.507679,1.76461,MOVE
331,1,-0.566593,-0.179571,1.83538,0.123261,0.507679,1.76461,MOVE
332,1,-0.564721,-0.19249,1.83352,0.123261,0.507679,1.76461,SINK
333,1,-0.566058,-0.202903,1.83132,0.123261,0.507679,1.76461,SINK
334,1,-0.562238,-0.213114,1.83326,0.123261,0.507679,1.76461,SINK
335,1,-0.557962,-0.221909,1.83775,0.123261,0.507679,1.76461,SINK
336,1,-0.559048,-0.229219,1.83998,0.123261,0.507679,1.76461,SINK
337,1,-0.555693,-0.234771,1.84092,0.123261,0.507679,1.76461,SINK
338,1,-0.549786,-0.240693,1.83923,0.123261,0.507679,1.76461,SINK
339,1,-0.550531,-0.243763,1.84093,0.123261,0.507679,1.76461,SINK
340,1,-0.55082,-0.241783,1.84125,0.123261,0.507679,1.76461,SINK
341,1,-0.550101,-0.24545,1.83537,0.123261,0.507679,1.76461,SINK
342,1,-0.55108,-0.242057,1.8391,0.123261,0.507679,1.76461,SINK
343,1,-0.550729,-0.243652,1.83899,0.123261,0.507679,1.76461,SINK
344,1,-0.552035,-0.245203,1.84236,0.123261,0.507679,1.76461,SINK
345,1,-0.547909,-0.243653,1.8383,0.123261,0.507679,1.76461,SINK
346,1,-0.545799,-0.242543,1.83843,0.123261,0.507679,1.76461,SINK
347,1,-0.54647,-0.243248,1.83939,0.123261,0.507679,1.76461,SINK
348,1,-0.546542,-0.243962,1.8356,0.123261,0.507679,1.76461,SINK
349,1,-0.546305,-0.244962,1.83579,0.123261,0.507679,1.76461,SINK
350,1,-0.548935,-0.245142,1.84077,0.123261,0.507679,1.76461,SINK
351,1,-0.547759,-0.244059,1.83967,0.123261,0.507679,1.76461,SINK
352,0,-0.547494,-0.244958,1.83373,0.123261,0.507679,1.76461,RELEASE
353,0,-0.548608,-0.243167,1.83965,0.123261,0.507679,1.76461,RELEASE
354,0,-0.549754,-0.245498,1.83514,0.123261,0.507679,1.76461,RELEASE
355,0,-0.548659,-0.243817,1.83802,0.123261,0.507679,1.76461,RELEASE
356,0,-0.547246,-0.243253,1.83813,0.123261,0.507679,1.76461,RELEASE
357,0,-0.551332,-0.244822,1.83286,0.123261,0.507679,1.76461,RELEASE
358,0,-0.550043,-0.24449,1.83415,0.123261,0.507679,1.76461,RELEASE
359,0,-0.549058,-0.243588,1.83827,0.123261,0.507679,1.76461,RELEASE
360,0,-0.549267,-0.244161,1.8322,0.123261,0.507679,1.76461,RELEASE
361,0,-0.548835,-0.244887,1.83192,0.123261,0.507679,1.76461,RELEASE
362,0,-0.547914,-0.244086,1.83587,0.123261,0.507679,1.76461,RELEASE
363,0,-0.547964,-0.24351,1.83825,0.123261,0.507679,1.76461,RELEASE
364,0,-0.550435,-0.245864,1.83377,0.123261,0.507679,1.76461,RELEASE
365,0,-0.548169,-0.245778,1.83448,0.123261,0.507679,1.76461,RELEASE
366,0,-0.549958,-0.245767,1.83445,0.123261,0.507679,1.76461,RELEASE
367,0,-0.549432,-0.244882,1.83557,0.123261,0.507679,1.76461,RELEASE
368,0,-0.54948,-0.24447,1.83569,0.123261,0.507679,1.76461,RELEASE
369,0,-0.548961,-0.243347,1.84246,0.123261,0.507679,1.76461,RELEASE
370,0,-0.548716,-0.244834,1.83476,0.123261,0.507679,1.76461,RELEASE
371,0,-0.548155,-0.244098,1.84109,0.123261,0.507679,1.76461,RELEASE
372,0,-0.548541,-0.244144,1.83756,0.123261,0.507679,1.76461,RELEASE
373,0,-0.547908,-0.245581,1.83229,0.123261,0.507679,1.76461,RELEASE
374,0,-0.548454,-0.244102,1.83816,0.123261,0.507679,1.76461,RELEASE
375,0,-0.54699,-0.243155,1.837,0.123261,0.507679,1.76461,RELEASE
376,0,-0.548068,-0.243188,1.83935,0.123261,0.507679,1.76461,RELEASE
377,0,-0.550414,-0.245094,1.83321,0.123261,0.507679,1.76461,RELEASE
378,0,-0.546898,-0.243689,1.83647,0.123261,0.507679,1.76461,RELEASE
379,0,-0.549187,-0.245004,1.83671,0.123261,0.507679,1.76461,RELEASE
380,0,-0.549388,-0.243858,1.83619,0.123261,0.507679,1.76461,RELEASE
381,0,-0.548025,-0.243529,1.83862,0.123261,0.507679,1.76461,RELEASE
382,0,-0.549531,-0.244402,1.83812,0.123261,0.507679,1.76461,RELEASE
383,0,-0.548578,-0.243631,1.83731,0.123261,0.507679,1.76461,RELEASE
384,0,-0.549498,-0.245396,1.83263,0.123261,0.507679,1.76461,RELEASE
385,0,-0.54909,-0.243953,1.83941,0.123261,0.507679,1.76461,RELEASE
386,0,-0.549244,-0.244423,1.83394,0.123261,0.507679,1.76461,RELEASE
387,0,-0.549408,-0.245284,1.83779,0.123261,0.507679,1.76461,RELEASE
388,0,-0.549477,-0.243303,1.83888,0.123261,0.507679,1.76461,RELEASE
389,0,-0.552602,-0.244702,1.83528,0.123261,0.507679,1.76461,RELEASE
390,0,-0.550069,-0.245026,1.84315,0.123261,0.507679,1.76461,RELEASE
391,0,-0.550199,-0.244743,1.83981,0.123261,0.507679,1.76461,RELEASE
392,0,-0.549862,-0.246535,1.82868,0.123261,0.507679,1.76461,RELEASE
393,0,-0.551313,-0.245748,1.8328,0.123261,0.507679,1.76461,RELEASE
394,0,-0.550359,-0.245208,1.83111,0.123261,0.507679,1.76461,RELEASE
395,0,-0.550297,-0.245517,1.83012,0.123261,0.507679,1.76461,RELEASE
396,0,-0.550884,-0.245594,1.83012,0.123261,0.507679,1.76461,RELEASE
397,0,-0.552571,-0.245905,1.83223,0.123261,0.507679,1.76461,RELEASE
398,0,-0.551898,-0.245638,1.83163,0.123261,0.507679,1.76461,RELEASE
399,0,-0.55136,-0.245583,1.83864,0.123261,0.507679,1.76461,RELEASE
400,0,-0.551587,-0.245033,1.82967,0.123261,0.507679,1.76461,RELEASE
401,0,-0.550722,-0.245843,1.83035,0.123261,0.507679,1.76461,RELEASE
402,0,-0.55009,-0.245266,1.8316,0.123261,0.507679,1.76461,RELEASE
403,0,-0.550081,-0.244693,1.8286,0.123261,0.507679,1.76461,RELEASE
404,0,-0.550705,-0.244774,1.83412,0.123261,0.507679,1.76461,RELEASE
405,0,-0.549882,-0.245296,1.83038,0.123261,0.507679,1.76461,RELEASE
406,0,-0.55077,-0.246076,1.82612,0.123261,0.507679,1.76461,RELEASE
407,0,-0.550494,-0.246593,1.82374,0.123261,0.507679,1.76461,RELEASE
408,0,-0.550089,-0.246219,1.82418,0.123261,0.507679,1.76461,RELEASE
409,0,-0.550036,-0.243747,1.82825,0.123261,0.507679,1.76461,RELEASE
410,0,-0.548124,-0.245425,1.82948,0.123261,0.507679,1.76461,RELEASE
411,0,-0.550794,-0.245491,1.82439,0.123261,0.507679,1.76461,RELEASE
412,0,-0.550473,-0.245032,1.82241,0.123261,0.507679,1.76461,RELEASE
413,0,-0.550734,-0.244315,1.8297,0.123261,0.507679,1.76461,RELEASE
414,0,-0.548801,-0.245109,1.82908,0.123261,0.507679,1.76461,RELEASE
415,0,-0.548237,-0.244627,1.83113,0.123261,0.507679,1.76461,RELEASE
416,0,-0.549407,-0.244836,1.83021,0.123261,0.507679,1.76461,RELEASE
417,0,-0.549013,-0.245541,1.82534,0.123261,0.507679,1.76461,RELEASE
418,0,-0.550879,-0.245918,1.82926,0.123261,0.507679,1.76461,RELEASE
419,0,-0.550012,-0.244661,1.82687,0.123261,0.507679,1.76461,RELEASE
420,0,-0.550042,-0.245229,1.82902,0.123261,0.507679,1.76461,RELEASE
421,0,-0.548984,-0.246556,1.82324,0.123261,0.507679,1.76461,RELEASE
422,0,-0.549871,-0.246018,1.8235,0.123261,0.507679,1.76461,RELEASE
423,0,-0.548677,-0.244464,1.83014,0.123261,0.507679,1.76461,RELEASE
424,0,-0.549983,-0.246234,1.82197,0.123261,0.507679,1.76461,RELEASE
425,0,-0.55338,-0.244964,1.82472,0.123261,0.507679,1.76461,RELEASE
426,0,-0.549753,-0.245063,1.82967,0.123261,0.507679,1.76461,RELEASE
427,0,-0.549394,-0.244661,1.82767,0.123261,0.507679,1.76461,RELEASE
428,0,-0.549695,-0.246159,1.82618,0.123261,0.507679,1.76461,RELEASE
429,1,-0.550104,-0.244699,1.82997,0.123261,0.507679,1.76461,SINK
430,1,-0.551813,-0.244755,1.83204,0.123261,0.507679,1.76461,SINK
431,1,-0.550796,-0.244234,1.82838,0.123261,0.507679,1.76461,SINK
432,1,-0.551222,-0.241786,1.83044,0.123261,0.507679,1.76461,SINK
433,1,-0.550959,-0.241669,1.82857,0.123261,0.507679,1.76461,SINK
434,1,-0.552543,-0.241709,1.83013,0.123261,0.507679,1.76461,SINK
435,1,-0.552888,-0.242298,1.8303,0.123261,0.507679,1.76461,SINK
436,1,-0.557285,-0.240272,1.83174,0.123261,0.507679,1.76461,SINK
437,1,-0.558457,-0.238195,1.83134,0.123261,0.507679,1.76461,SINK
438,1,-0.556611,-0.231917,1.82793,0.123261,0.507679,1.76461,SINK
439,1,-0.555186,-0.225432,1.82634,0.123261,0.507679,1.76461,SINK
440,1,-0.561157,-0.220231,1.81785,0.123261,0.507679,1.76461,SINK
441,1,-0.561961,-0.21247,1.81169,0.123261,0.507679,1.76461,SINK
442,1,-0.561825,-0.202376,1.80353,0.123261,0.507679,1.76461,SINK
443,1,-0.563698,-0.193093,1.79451,0.123261,0.507679,1.76461,SINK
444,1,-0.564335,-0.180804,1.78357,0.123261,0.507679,1.76461,MOVE
445,1,-0.559873,-0.166071,1.77965,0.123261,0.507679,1.76461,MOVE
446,1,-0.559646,-0.156565,1.76199,0.123261,0.507679,1.76461,MOVE
447,1,-0.55705,-0.143846,1.74954,0.123261,0.507679,1.76461,MOVE
448,1,-0.554772,-0.132926,1.73577,0.123261,0.507679,1.76461,MOVE
449,1,-0.549446,-0.121262,1.72491,0.123261,0.507679,1.76461,MOVE
450,1,-0.543346,-0.109133,1.71723,0.123261,0.507679,1.76461,MOVE
451,1,-0.53464,-0.0992821,1.70377,0.123261,0.507679,1.76461,MOVE
452,1,-0.524947,-0.0897408,1.6955,0.123261,0.507679,1.76461,MOVE
453,1,-0.51323,-0.0784516,1.68388,0.123261,0.507679,1.76461,MOVE
454,1,-0.501318,-0.0692728,1.67138,0.123261,0.507679,1.76461,MOVE
455,1,-0.486778,-0.0615685,1.65902,0.123261,0.507679,1.76461,MOVE
456,1,-0.470666,-0.0526914,1.64477,0.123261,0.507679,1.76461,MOVE
457,1,-0.452365,-0.0464664,1.63413,0.123261,0.507679,1.76461,MOVE
458,1,-0.431322,-0.0408217,1.61694,0.123261,0.507679,1.76461,MOVE
459,1,-0.408006,-0.0377367,1.60124,0.123261,0.507679,1.76461,MOVE
460,1,-0.382867,-0.0353658,1.58684,0.123261,0.507679,1.76461,MOVE
461,1,-0.356476,-0.0339248,1.57575,0.123261,0.507679,1.76461,MOVE
462,1,-0.331591,-0.0338245,1.57171,0.123261,0.507679,1.76461,MOVE
463,1,-0.30213,-0.0315345,1.57813,0.123261,0.507679,1.76461,MOVE
464,1,-0.270045,-0.036584,1.55941,0.123261,0.507679,1.76461,MOVE
465,1,-0.240417,-0.0396684,1.56243,0.123261,0.507679,1.76461,MOVE
466,1,-0.213336,-0.0414755,1.56607,0.123261,0.507679,1.76461,MOVE
467,1,-0.187934,-0.0481228,1.5732,0.123261,0.507679,1.76461,MOVE
468,1,-0.155515,-0.0575293,1.56892,0.123261,0.507679,1.76461,MOVE
469,1,-0.12318,-0.0655864,1.57178,0.123261,0.507679,1.76461,MOVE
470,1,-0.104087,-0.0714665,1.58142,0.123261,0.507679,1.76461,MOVE
471,1,-0.0701436,-0.0795286,1.57639,0.123261,0.507679,1.76461,MOVE
472,1,-0.0385423,-0.0854305,1.57481,0.123261,0.507679,1.76461,MOVE
473,1,-0.00711906,-0.0912272,1.57495,0.123261,0.507679,1.76461,MOVE
474,1,0.0236027,-0.0948226,1.58032,0.123261,0.507679,1.76461,MOVE
475,1,0.054995,-0.0993685,1.58149,0.123261,0.507679,1.76461,MOVE
476,1,0.087629,-0.102266,1.58685,0.123261,0.507679,1.76461,MOVE
477,1,0.121476,-0.10678,1.59679,0.123261,0.507679,1.76461,MOVE
478,1,0.153468,-0.107722,1.61047,0.123261,0.507679,1.76461,MOVE
479,1,0.184709,-0.110734,1.62326,0.123261,0.507679,1.76461,MOVE
480,1,0.213924,-0.114627,1.6396,0.123261,0.507679,1.76461,MOVE
481,1,0.245083,-0.115498,1.65498,0.123261,0.507679,1.76461,MOVE
482,1,0.272913,-0.116953,1.67273,0.123261,0.507679,1.76461,MOVE
483,1,0.299905,-0.119143,1.689,0.123261,0.507679,1.76461,MOVE
484,1,0.32227,-0.12027,1.70707,0.123261,0.507679,1.76461,MOVE
485,1,0.343503,-0.120552,1.71996,0.123261,0.507679,1.76461,MOVE
486,1,0.365223,-0.122029,1.73679,0.123261,0.507679,1.76461,MOVE
487,1,0.378367,-0.122063,1.74873,0.123261,0.507679,1.76461,MOVE
488,1,0.399004,-0.121496,1.76212,0.123261,0.507679,1.76461,MOVE
489,1,0.411008,-0.122934,1.77282,0.123261,0.507679,1.76461,MOVE
490,1,0.416515,-0.129382,1.77858,0.123261,0.507679,1.76461,MOVE
491,1,0.432318,-0.130887,1.79443,0.123261,0.507679,1.76461,MOVE
492,1,0.441599,-0.135503,1.80276,0.123261,0.507679,1.76461,MOVE
493,1,0.451767,-0.140114,1.81164,0.123261,0.507679,1.76461,MOVE
494,1,0.454915,-0.150467,1.81718,0.123261,0.507679,1.76461,SHELF
495,1,0.467328,-0.158472,1.82642,0.123261,0.507679,1.76461,SHELF
496,1,0.472342,-0.163028,1.83594,0.123261,0.507679,1.76461,SHELF
497,1,0.4809,-0.170389,1.84496,0.123261,0.507679,1.76461,SHELF
498,1,0.475641,-0.179948,1.84177,0.123261,0.507679,1.76461,SHELF
499,1,0.477169,-0.184521,1.84333,0.123261,0.507679,1.76461,SHELF
500,1,0.483407,-0.188447,1.85291,0.123261,0.507679,1.76461,SHELF
501,1,0.480011,-0.19173,1.85215,0.123261,0.507679,1.76461,SHELF
502,1,0.4863,-0.19605,1.85716,0.123261,0.507679,1.76461,SHELF
503,1,0.485374,-0.19874,1.85615,0.123261,0.507679,1.76461,SHELF
504,1,0.480779,-0.197103,1.85419,0.123261,0.507679,1.76461,SHELF
505,1,0.480408,-0.197089,1.85398,0.123261,0.507679,1.76461,SHELF
506,1,0.479473,-0.19871,1.85234,0.123261,0.507679,1.76461,SHELF
507,1,0.480542,-0.199052,1.85104,0.123261,0.507679,1.76461,SHELF
508,1,0.480217,-0.198675,1.85042,0.123261,0.507679,1.76461,SHELF
509,1,0.473514,-0.199077,1.84556,0.123261,0.507679,1.76461,SHELF
510,1,0.480872,-0.200081,1.85377,0.123261,0.507679,1.76461,SHELF
511,1,0.479027,-0.198375,1.85298,0.123261,0.507679,1.76461,SHELF
512,1,0.472655,-0.200869,1.85045,0.123261,0.507679,1.76461,SHELF
513,1,0.473272,-0.199991,1.84976,0.123261,0.507679,1.76461,SHELF
514,1,0.454382,-0.201316,1.83645,0.123261,0.507679,1.76461,SHELF
515,1,0.479217,-0.197768,1.85733,0.123261,0.507679,1.76461,SHELF
516,1,0.478245,-0.196479,1.8617,0.123261,0.507679,1.76461,SHELF
517,1,0.476764,-0.197303,1.86172,0.123261,0.507679,1.76461,SHELF
518,0,0.477511,-0.198284,1.86479,0.123261,0.507679,1.76461,RELEASE
519,0,0.477257,-0.200907,1.85811,0.123261,0.507679,1.76461,RELEASE
520,0,0.478705,-0.198775,1.86316,0.123261,0.507679,1.76461,RELEASE
521,0,0.4781,-0.197895,1.86477,0.123261,0.507679,1.76461,RELEASE
522,0,0.477658,-0.196387,1.86645,0.123261,0.507679,1.76461,RELEASE
523,0,0.478662,-0.196354,1.86481,0.123261,0.507679,1.76461,RELEASE
524,0,0.479146,-0.198813,1.86048,0.123261,0.507679,1.76461,RELEASE
525,0,0.477714,-0.197933,1.86412,0.123261,0.507679,1.76461,RELEASE
526,0,0.478942,-0.1963,1.86849,0.123261,0.507679,1.76461,RELEASE
527,0,0.477878,-0.196993,1.86387,0.123261,0.507679,1.76461,RELEASE
528,0,0.478009,-0.196743,1.86613,0.123261,0.507679,1.76461,RELEASE
529,0,0.476238,-0.198259,1.86178,0.123261,0.507679,1.76461,RELEASE
530,0,0.476337,-0.198732,1.85791,0.123261,0.507679,1.76461,RELEASE
531,0,0.478373,-0.199406,1.86102,0.123261,0.507679,1.76461,RELEASE
532,0,0.477395,-0.20087,1.85683,0.123261,0.507679,1.76461,RELEASE
533,0,0.47761,-0.195356,1.86745,0.123261,0.507679,1.76461,RELEASE
534,0,0.478876,-0.196513,1.86206,0.123261,0.507679,1.76461,RELEASE
535,0,0.477359,-0.198579,1.85765,0.123261,0.507679,1.76461,RELEASE
536,0,0.47823,-0.196526,1.86422,0.123261,0.507679,1.76461,RELEASE
537,0,0.476238,-0.198529,1.86226,0.123261,0.507679,1.76461,RELEASE
538,0,0.475668,-0.19705,1.86275,0.123261,0.507679,1.76461,RELEASE
539,0,0.47756,-0.19675,1.8631,0.123261,0.507679,1.76461,RELEASE
540,0,0.477148,-0.196841,1.86568,0.123261,0.507679,1.76461,RELEASE
541,0,0.477075,-0.197214,1.86581,0.123261,0.507679,1.76461,RELEASE
542,0,0.476172,-0.199368,1.86344,0.123261,0.507679,1.76461,RELEASE
543,0,0.478541,-0.197328,1.86374,0.123261,0.507679,1.76461,RELEASE
544,0,0.477672,-0.200523,1.8627,0.123261,0.507679,1.76461,RELEASE
545,0,0.47673,-0.1991,1.86207,0.123261,0.507679,1.76461,RELEASE
546,0,0.477472,-0.196616,1.86901,0.123261,0.507679,1.76461,RELEASE
547,0,0.479046,-0.194905,1.86846,0.123261,0.507679,1.76461,RELEASE
548,0,0.476718,-0.197802,1.86401,0.123261,0.507679,1.76461,RELEASE
549,0,0.475602,-0.198206,1.86373,0.123261,0.507679,1.76461,RELEASE
550,0,0.478508,-0.200613,1.86046,0.123261,0.507679,1.76461,RELEASE
551,0,0.478797,-0.195493,1.87185,0.123261,0.507679,1.76461,RELEASE
552,0,0.477338,-0.195402,1.86975,0.123261,0.507679,1.76461,RELEASE
553,0,0.477492,-0.196923,1.86431,0.123261,0.507679,1.76461,RELEASE
554,0,0.476976,-0.197012,1.86761,0.123261,0.507679,1.76461,RELEASE
555,0,0.475868,-0.198331,1.86341,0.123261,0.507679,1.76461,RELEASE
556,0,0.478829,-0.199244,1.86615,0.123261,0.507679,1.76461,RELEASE
557,0,0.478838,-0.197247,1.86722,0.123261,0.507679,1.76461,RELEASE
558,0,0.479397,-0.199447,1.86538,0.123261,0.507679,1.76461,RELEASE
559,0,0.478511,-0.196521,1.8705,0.123261,0.507679,1.76461,RELEASE
560,0,0.478157,-0.19529,1.87179,0.123261,0.507679,1.76461,RELEASE
561,0,0.477925,-0.195745,1.87269,0.123261,0.507679,1.76461,RELEASE
562,0,0.478836,-0.198428,1.87064,0.123261,0.507679,1.76461,RELEASE
563,0,0.478855,-0.197698,1.87146,0.123261,0.507679,1.76461,RELEASE
564,0,0.47801,-0.195947,1.87324,0.123261,0.507679,1.76461,RELEASE
565,0,0.479012,-0.198018,1.87138,0.123261,0.507679,1.76461,RELEASE
566,0,0.479059,-0.197459,1.87188,0.123261,0.507679,1.76461,RELEASE
567,0,0.479603,-0.199313,1.87181,0.123261,0.507679,1.76461,RELEASE
568,0,0.477251,-0.196634,1.8709,0.123261,0.507679,1.76461,RELEASE
569,0,0.479168,-0.199417,1.86694,0.123261,0.507679,1.76461,RELEASE
570,0,0.479571,-0.199883,1.86741,0.123261,0.507679,1.76461,RELEASE
571,0,0.478985,-0.200457,1.86487,0.123261,0.507679,1.76461,RELEASE
572,0,0.477239,-0.201149,1.86642,0.123261,0.507679,1.76461,RELEASE
573,0,0.477709,-0.199401,1.86677,0.123261,0.507679,1.76461,RELEASE
574,0,0.478256,-0.198385,1.87132,0.123261,0.507679,1.76461,RELEASE
575,0,0.477577,-0.197984,1.87044,0.123261,0.507679,1.76461,RELEASE
576,0,0.477694,-0.200682,1.86592,0.123261,0.507679,1.76461,RELEASE
577,0,0.479105,-0.200752,1.86577,0.123261,0.507679,1.76461,RELEASE
578,0,0.47887,-0.199323,1.86349,0.123261,0.507679,1.76461,RELEASE
579,0,0.479355,-0.198003,1.86596,0.123261,0.507679,1.76461,RELEASE
580,0,0.478797,-0.199158,1.86589,0.123261,0.507679,1.76461,RELEASE
581,0,0.47787,-0.197448,1.86703,0.123261,0.507679,1.76461,RELEASE
582,0,0.476848,-0.198947,1.86484,0.123261,0.507679,1.76461,RELEASE
583,0,0.478943,-0.198965,1.86231,0.123261,0.507679,1.76461,RELEASE
584,0,0.478279,-0.198568,1.86525,0.123261,0.507679,1.76461,RELEASE
585,0,0.476728,-0.19921,1.86319,0.123261,0.507679,1.76461,RELEASE
586,0,0.479113,-0.200512,1.85827,0.123261,0.507679,1.76461,RELEASE
587,0,0.478783,-0.199828,1.86218,0.123261,0.507679,1.76461,RELEASE
588,0,0.477297,-0.200011,1.85878,0.123261,0.507679,1.76461,RELEASE
589,0,0.477277,-0.199095,1.86155,0.123261,0.507679,1.76461,RELEASE
590,0,0.477118,-0.198913,1.86321,0.123261,0.507679,1.76461,RELEASE
591,0,0.477555,-0.199639,1.86381,0.123261,0.507679,1.76461,RELEASE
592,0,0.479097,-0.198551,1.86537,0.123261,0.507679,1.76461,RELEASE
593,0,0.475873,-0.198653,1.86647,0.123261,0.507679,1.76461,RELEASE
594,0,0.478187,-0.197145,1.8689,0.123261,0.507679,1.76461,RELEASE
595,0,0.477433,-0.201947,1.86197,0.123261,0.507679,1.76461,RELEASE
596,0,0.476487,-0.197467,1.86802,0.123261,0.507679,1.76461,RELEASE
597,0,0.478518,-0.201537,1.86276,0.123261,0.507679,1.76461,RELEASE
598,0,0.480293,-0.200638,1.86629,0.123261,0.507679,1.76461,RELEASE
599,0,0.48061,-0.199873,1.86866,0.123261,0.507679,1.76461,RELEASE
600,0,0.479345,-0.198518,1.8687,0.123261,0.507679,1.76461,RELEASE
601,0,0.479139,-0.197123,1.87029,0.123261,0.507679,1.76461,RELEASE
602,0,0.477258,-0.198166,1.8697,0.123261,0.507679,1.76461,RELEASE
603,0,0.476763,-0.195986,1.87066,0.123261,0.507679,1.76461,RELEASE
604,0,0.477465,-0.198077,1.86954,0.123261,0.507679,1.76461,RELEASE
605,0,0.477367,-0.197619,1.8688,0.123261,0.507679,1.76461,RELEASE
606,0,0.478282,-0.197953,1.86426,0.123261,0.507679,1.76461,RELEASE
607,0,0.47842,-0.196188,1.86963,0.123261,0.507679,1.76461,RELEASE
608,0,0.476589,-0.198844,1.86395,0.123261,0.507679,1.76461,RELEASE
609,0,0.477317,-0.200051,1.86456,0.123261,0.507679,1.76461,RELEASE
610,0,0.477035,-0.198497,1.86449,0.123261,0.507679,1.76461,RELEASE
611,0,0.476599,-0.19862,1.86396,0.123261,0.507679,1.76461,RELEASE
612,0,0.478711,-0.198235,1.86782,0.123261,0.507679,1.76461,RELEASE
613,0,0.477351,-0.197474,1.87116,0.123261,0.507679,1.76461,RELEASE
614,0,0.478348,-0.197766,1.86712,0.123261,0.507679,1.76461,RELEASE
615,0,0.477614,-0.199717,1.86296,0.123261,0.507679,1.76461,RELEASE
616,0,0.479037,-0.197782,1.86684,0.123261,0.507679,1.76461,RELEASE
617,0,0.478642,-0.197899,1.87127,0.123261,0.507679,1.76461,RELEASE
618,0,0.479308,-0.197919,1.87187,0.123261,0.507679,1.76461,RELEASE
619,0,0.479013,-0.201251,1.86682,0.123261,0.507679,1.76461,RELEASE
620,0,0.479926,-0.197996,1.87181,0.123261,0.507679,1.76461,RELEASE
621,0,0.47882,-0.19824,1.87158,0.123261,0.507679,1.76461,RELEASE
622,0,0.477826,-0.19786,1.87256,0.123261,0.507679,1.76461,RELEASE
623,0,0.479369,-0.198575,1.87201,0.123261,0.507679,1.76461,RELEASE
624,0,0.480439,-0.19983,1.87034,0.123261,0.507679,1.76461,RELEASE
625,0,0.479562,-0.200139,1.8669,0.123261,0.507679,1.76461,RELEASE
626,0,0.47847,-0.198253,1.86755,0.123261,0.507679,1.76461,RELEASE
627,0,0.479511,-0.198406,1.86639,0.123261,0.507679,1.76461,RELEASE
628,0,0.479864,-0.200715,1.86705,0.123261,0.507679,1.76461,RELEASE
629,0,0.478327,-0.196943,1.87146,0.123261,0.507679,1.76461,RELEASE
630,0,0.477911,-0.198542,1.86755,0.123261,0.507679,1.76461,RELEASE
632,0,0.478909,-0.202352,1.86269,0.123261,0.507679,1.76461,RELEASE
633,0,0.480753,-0.200254,1.86722,0.123261,0.507679,1.76461,RELEASE
634,0,0.479481,-0.202641,1.86352,0.123261,0.507679,1.76461,RELEASE
635,0,0.480478,-0.202787,1.86269,0.123261,0.507679,1.76461,RELEASE
636,0,0.480202,-0.20183,1.86738,0.123261,0.507679,1.76461,RELEASE
637,0,0.480003,-0.201544,1.86325,0.123261,0.507679,1.76461,RELEASE
638,0,0.478693,-0.200001,1.86714,0.123261,0.507679,1.76461,RELEASE
639,0,0.478239,-0.198383,1.8714,0.123261,0.507679,1.76461,RELEASE
