Locations,4
Location Intervals,100
Sector Intervals,36
0,0,0
0,0,0,0,0,0,0,0,0,0,0,0,0,0,0,0,0,0,0,0,0,0,0,0,0,0,0,0,0,0,0,0,0,0,0,0,0,0,0,0,0,0,0,0,0,0,0,0,0,0,0,0,0,0,0,0,0,0,0,0,0,0,0,0,0,0,0,0,0,0,0,0,0,0,0,0,0,0,0,0,0,0,0,0,0,0,0,0,0,0,0,0,0,0,0,0,0,0,0,0
0,1,0
0,0,0,0,0,0,0,0,0,0.0252038,0.0209212,0.0209802,0.0209805,0.0210087,0.0109418,0.0109373,0.0110205,0.0534211,0.0534165,0.0533887,0.0710547,0.0710682,0.0710999,0.0712319,0.0713009,0.018614,0.0186642,0.0187007,0.0187381,0.0186984,0.0186633,0,0,0,0,0,0,0,0,0,0,0,0,0,0,0,0,0,0,0,0,0,0,0,0,0,0,0,0,0,0,0,0,0,0,0,0.0287462,0.0287526,0.0287438,0.0286629,0.0285626,0.0285584,0.0285399,0.0284257,0.0283022,0.0275236,0.0273926,0.0272527,0.0270251,0.0767194,0.0752333,0.0751591,0.0641526,0.0641615,0.0629313,0.0626229,0.0623632,0.0609923,0.0608898,0.0608477,0.0607668,0.0518453,0.0518105,0.0058218,0.00582527,0.00579092,0.00568057,0,0,0
0,2,0
0,0,0,0,0,0,0,0,0,0,0,0,0,0,0,0,0,0,0,0,0,0,0,0,0,0,0,0,0,0,0,0,0,0,0,0,0,0,0,0,0,0,0,0,0,0,0,0,0,0,0,0,0,0,0,0,0,0,0,0,0,0,0,0,0,0,0,0,0,0,0,0,0,0,0,0,0,0,0,0,0,0,0,0,0,0,0,0,0,0,0,0,0,0,0,0,0,0,0,0
0,3,0
0,0,0,0,0,0,0,0,0,0,0,0,0,0,0,0,0,0,0,0,0,0,0,0,0,0,0,0,0,0,0,0,0,0,0,0,0,0,0,0,0,0,0,0,0,0,0,0,0,0,0,0,0,0,0,0,0,0,0,0,0,0,0,0,0,0,0,0,0,0,0,0,0,0,0,0,0,0,0,0,0,0,0,0,0,0,0,0,0,0,0,0,0,0,0,0,0,0,0,0
1,0,0
0,0,0,0,0,0,0,0,0,0,0,0,0,0,0,0,0,0,0,0,0,0,0,0,0,0,0,0,0,0,0,0,0,0,0,0,0,0,0,0,0,0,0,0,0,0,0,0,0,0,0,0,0,0,0,0,0,0,0,0,0,0,0,0,0,0,0,0,0,0,0,0,0,0,0,0,0,0,0,0,0,0,0,0,0,0,0,0,0,0,0,0,0,0,0,0,0,0,0,0
1,1,0
0,0,0,0,0,0,0,0,0,0,0,0,0,0,0,0,0,0,0,0,0,0,0,0,0,0,0,0,0,0,0,0,0,0,0,0,0,0,0,0,0,0,0,0,0,0,0,0,0,0,0,0,0,0,0,0,0,0,0,0,0,0,0,0,0,0,0,0,0,0,0,0,0,0,0,0,0,0,0,0,0,0,0,0,0,0,0,0,0,0,0,0,0,0,0,0,0,0,0,0
1,2,0
0,0,0,0,0,0,0,0,0,0.0387574,0.0418398,0.0462706,0.0468483,0.047335,0.0476972,0.0479793,0.0481542,0.0482691,0.0483654,0.0484156,0.0484567,0.0484511,0.0470971,0.0471192,0.0471119,0.0166115,0.0165859,0,0,0,0,0,0.0464293,0.0467053,0.0469267,0.0471446,0.0473541,0.0475327,0.0476776,0.0477882,0.047866,0.0479343,0.0479931,0.0480111,0.0479748,0.0479916,0.0480042,0.0473619,0.0472943,0,0.0472772,0.0472116,0.0471961,0.101456,0.101572,0.101539,0.101491,0.0548012,0.0548191,0.0548484,0.0548578,0.0548431,0.0546302,0.0543615,0.0532541,0.0529443,0.0526206,0.052282,0.0518253,0.0512257,0.0510714,0.0507137,0.0505889,0.0502205,0.0500035,0.0492345,0.0487394,0.0482515,0.0477149,0.0469875,0.0460501,0.0454818,0.0449128,0.0442746,0.0413422,0.0406557,0.0390148,0.0381591,0.0514221,0.0517743,0.0518374,0.0521063,0.0521774,0.0521849,0.0521869,0.0521561,0.052201,0.0518631,0.0515534,0
1,3,0
0,0,0,0,0,0,0,0,0.0718558,0.0575911,0.0394587,0.0392154,0.0385647,0.0379095,0.0365167,0,0,0,0,0,0,0,0,0,0,0,0,0,0,0,0,0,0.043622,0.043469,0.043392,0.0429452,0.0425415,0.0418541,0.0412238,0.151896,0.152353,0.152685,0.152446,0.208813,0.209145,0.209439,0.208216,0.207988,0.20752,0.206536,0.205504,0.183494,0.182281,0.183261,0.183156,0.18312,0.176668,0.176602,0.176217,0.175772,0.174341,0.172913,0.166167,0.165401,0.164299,0.157405,0.156675,0.155119,0.154396,0.152558,0.151079,0.143781,0.141113,0.136069,0.127331,0.124907,0.1236,0.111057,0.105784,0.0787581,0.0685679,0.0688886,0.109877,0.109142,0.109598,0.109188,0.108715,0.0935035,0.0905714,0.0878964,0.0721496,0.0701959,0.0373118,0.0362873,0.0321547,0.0239853,0.0245332,0.0242764,0.0242394,0.0312802
2,0,0
0,0,0,0,0,0,0,0,0,0,0,0,0,0,0,0,0,0,0,0,0,0,0,0,0,0,0,0,0,0,0,0,0,0,0,0,0,0,0,0,0,0,0,0,0,0,0,0,0,0,0,0,0,0,0,0,0,0,0,0,0,0,0,0,0,0,0,0,0,0,0,0,0,0,0,0,0,0,0,0,0,0,0,0,0,0,0,0,0,0,0,0,0,0,0,0,0,0,0,0
2,1,0
0,0.0016985,0.00166944,0.0134581,0,0,0,0,0,0,0,0,0,0,0,0,0,0,0,0,0,0,0,0,0,0,0,0,0,0,0,0,0,0,0,0,0,0.0179704,0.0181251,0.0182587,0.0183838,0.0184963,0.0185965,0.0282556,0.0283506,0.0284072,0.0284438,0.0285201,0.0284962,0.0284738,0.028426,0.0283883,0.00935745,0.00933401,0.00922892,0.00914503,0,0,0,0,0,0,0,0,0,0,0,0,0,0,0,0,0,0,0.00590469,0.00589385,0.00588588,0.00588792,0.00584993,0.00194451,0.00194166,0.00192864,0.0181118,0.0181134,0.018118,0.0162389,0.0163104,0.016316,0.0163214,0,0,0,0,0,0,0,0,0,0,0
2,2,0
0,0,0,0,0,0,0,0,0,0,0,0,0,0,0,0,0,0,0,0,0,0,0,0,0,0,0,0,0,0,0,0,0,0,0,0,0,0,0,0,0,0,0,0,0,0,0,0,0,0,0,0,0,0,0,0,0,0,0,0,0,0,0,0,0,0,0,0,0,0,0,0,0,0,0,0,0,0,0,0,0,0,0,0,0,0,0,0,0,0,0,0,0,0,0,0,0,0,0,0
2,3,0
0,0,0,0,0,0,0,0,0,0,0,0,0,0,0,0,0,0,0,0,0,0,0,0,0,0,0,0,0,0,0,0,0,0,0,0,0,0,0,0,0,0,0,0,0,0,0,0,0,0,0,0,0,0,0,0,0,0,0,0,0,0,0,0,0,0,0,0,0,0,0,0,0,0,0,0,0,0,0,0,0,0,0,0,0,0,0,0,0,0,0,0,0,0,0,0,0,0,0,0
3,0,0
0,0,0,0,0,0,0,0,0,0,0,0,0,0,0,0,0,0,0,0,0,0,0,0,0,0,0,0,0,0,0,0,0,0,0,0,0,0,0,0,0,0,0,0,0,0,0,0,0,0,0,0,0,0,0,0,0,0,0,0,0,0,0,0,0,0,0,0,0,0,0,0,0,0,0,0,0,0,0,0,0,0,0,0,0,0,0,0,0,0,0,0,0,0,0,0,0,0,0,0
3,1,0
0,0,0,0,0,0,0,0,0,0,0,0,0,0,0,0,0,0,0,0,0,0,0,0,0,0,0,0,0,0,0,0,0,0,0,0,0,0,0,0,0,0,0,0,0,0,0,0,0,0,0,0,0,0,0,0,0,0,0,0,0,0,0,0,0,0,0,0,0,0,0,0,0,0,0,0,0,0,0,0,0,0,0,0,0,0,0,0,0,0,0,0,0,0,0,0,0,0,0,0
3,2,0
0,0,0,0,0,0,0,0,0,0,0,0,0,0,0,0,0,0,0,0,0,0,0,0,0,0,0,0,0,0,0,0,0,0,0,0,0,0,0,0,0,0,0,0,0,0,0,0,0,0,0,0,0,0,0,0,0,0,0,0,0,0,0,0,0,0,0,0,0,0,0,0,0,0,0,0,0,0,0,0,0,0,0,0,0,0,0,0,0,0,0,0,0,0,0,0,0,0,0,0
3,3,0
0,0,0,0,0,0,0,0,0,0,0,0,0,0,0,0,0,0,0,0,0,0,0,0,0,0,0,0,0,0,0,0,0,0,0,0,0,0,0,0,0,0,0,0,0,0,0,0,0,0,0,0,0,0,0,0,0,0,0,0,0,0,0,0,0,0,0,0,0,0,0,0,0,0,0,0,0,0,0,0,0,0,0,0,0,0,0,0,0,0,0,0,0,0,0,0,0,0,0,0
