RELEASE,RELEASE,0.000000,0.000000,0.000000,0.000000,0.000000,0.000000,0.000000,0.000000,0.000000,0.000000,0.000000,0.000000,0.000000,0.000000
RELEASE,RELEASE,0.000000,0.000000,0.000000,0.000000,0.000000,0.000000,0.000000,0.000000,0.000000,0.000000,0.000000,0.000000,0.000000,0.000000
RELEASE,RELEASE,0.000000,0.000000,0.000000,0.000000,0.000000,0.000000,0.000000,0.000000,0.000000,0.000000,0.000000,0.000000,0.000000,0.000000
RELEASE,RELEASE,0.000000,0.000000,0.000000,0.000000,0.000000,0.000000,0.000000,0.000000,0.000000,0.000000,0.000000,0.000000,0.000000,0.000000
RELEASE,RELEASE,0.000000,0.000000,0.000000,0.000000,0.000000,0.000000,0.000000,0.000000,0.000000,0.000000,0.000000,0.000000,0.000000,0.000000
RELEASE,RELEASE,0.000000,0.000000,0.000000,0.000000,0.000000,0.000000,0.000000,0.000000,0.000000,0.000000,0.000000,0.000000,0.000000,0.000000
RELEASE,RELEASE,0.000000,0.000000,0.000000,0.000000,0.000000,0.000000,0.000000,0.000000,0.000000,0.000000,0.000000,0.000000,0.000000,0.000000
RELEASE,RELEASE,0.000000,0.000000,0.000000,0.000000,0.000000,0.000000,0.000000,0.000000,0.000000,0.000000,0.000000,0.000000,0.000000,0.000000
RELEASE,RELEASE,0.000000,0.000000,0.000000,0.000000,0.000000,0.000000,0.000000,0.000000,0.000000,0.000000,0.000000,0.000000,0.000000,0.000000
RELEASE,RELEASE,0.000000,0.000000,0.000000,0.000000,0.000000,0.000000,0.000000,0.000000,0.000000,0.000000,0.000000,0.000000,0.000000,0.000000
RELEASE,RELEASE,0.000000,0.000000,0.000000,0.000000,0.000000,0.000000,0.000000,0.000000,0.000000,0.000000,0.000000,0.000000,0.000000,0.000000
RELEASE,RELEASE,0.000000,0.000000,0.000000,0.000000,0.000000,0.000000,0.000000,0.000000,0.000000,0.000000,0.000000,0.000000,0.000000,0.000000
RELEASE,RELEASE,0.000000,0.000000,0.000000,0.000000,0.000000,0.000000,0.000000,0.000000,0.000000,0.000000,0.000000,0.000000,0.000000,0.000000
RELEASE,RELEASE,0.000000,0.000000,0.000000,0.000000,0.000000,0.000000,0.000000,0.000000,0.000000,0.000000,0.000000,0.000000,0.000000,0.000000
RELEASE,RELEASE,0.000000,0.000000,0.000000,0.000000,0.000000,0.000000,0.000000,0.000000,0.000000,0.000000,0.000000,0.000000,0.000000,0.000000
SHELF,RELEASE,0.000000,0.000000,0.000000,0.000000,0.000000,0.000000,0.000000,0.000000,0.000000,0.000000,0.000000,0.000000,0.000000,0.000000
SHELF,RELEASE,0.000000,0.000000,0.000000,0.000000,0.000000,0.000000,0.000000,0.000000,0.000000,0.000000,0.000000,0.000000,0.000000,0.000000
SHELF,SHELF,0.000000,0.000000,0.000000,0.000000,0.000000,0.000000,0.000000,0.000000,0.000000,0.000000,0.000000,0.000000,0.000000,0.000000
SHELF,SHELF,0.000000,0.000000,0.000000,0.000000,0.000000,0.000000,0.000000,0.000000,0.000000,0.000000,0.000000,0.000000,0.000000,0.000000
SHELF,SHELF,0.000000,0.000000,0.000000,0.000000,0.000000,0.000000,0.000000,0.000000,0.000000,0.000000,0.000000,0.000000,0.000000,0.000000
SHELF,SHELF,0.000000,0.000000,0.000000,0.000000,0.000000,0.000000,0.000000,0.000000,0.000000,0.000000,0.000000,0.000000,0.000000,0.000000
SHELF,SHELF,0.000000,0.000000,0.000000,0.000000,0.000000,0.000000,0.000000,0.000000,0.000000,0.000000,0.000000,0.000000,0.000000,0.000000
SHELF,SHELF,0.000000,0.000000,0.000000,0.000000,0.000000,0.000000,0.000000,0.000000,0.000000,0.000000,0.000000,0.000000,0.000000,0.000000
SHELF,SHELF,0.000000,0.000000,0.000000,0.000000,0.000000,0.000000,0.000000,0.000000,0.000000,0.000000,0.000000,0.000000,0.000000,0.000000
SHELF,SHELF,0.000000,0.000000,0.000000,0.000000,0.000000,0.000000,0.000000,0.000000,0.000000,0.000000,0.000000,0.000000,0.000000,0.000000
SHELF,SHELF,0.000000,0.000000,0.000000,0.000000,0.000000,0.000000,0.000000,0.000000,0.000000,0.000000,0.000000,0.000000,0.000000,0.000000
SHELF,SHELF,0.000000,0.000000,0.000000,0.000000,0.000000,0.000000,0.000000,0.000000,0.000000,0.000000,0.000000,0.000000,0.000000,0.000000
SHELF,SHELF,0.000000,0.000000,0.000000,0.000000,0.000000,0.000000,0.000000,0.000000,0.000000,0.000000,0.000000,0.000000,0.000000,0.000000
SHELF,SHELF,0.000000,0.000000,0.000000,0.000000,0.000000,0.000000,0.000000,0.000000,0.000000,0.000000,0.000000,0.000000,0.000000,0.000000
SHELF,SHELF,0.000000,0.000000,0.000000,0.000000,0.000000,0.000000,0.000000,0.000000,0.000000,0.000000,0.000000,0.000000,0.000000,0.000000
SHELF,SHELF,0.000000,0.000000,0.000000,0.000000,0.000000,0.000000,0.000000,0.000000,0.000000,0.000000,0.000000,0.000000,0.000000,0.000000
SHELF,SHELF,0.000000,0.000000,0.000000,0.000000,0.000000,0.000000,0.000000,0.000000,0.000000,0.000000,0.000000,0.000000,0.000000,0.000000
MOVE,SHELF,0.000000,0.000000,0.000000,0.000000,0.000000,0.000000,0.000000,0.000000,0.000000,0.000000,0.000000,0.000000,0.000000,0.000000
MOVE,SHELF,0.000000,0.000000,0.000000,0.000000,0.000000,0.000000,0.000000,0.000000,0.000000,0.000000,0.000000,0.000000,0.000000,0.000000
MOVE,SHELF,0.000000,0.000000,0.000000,0.000000,0.000000,0.000000,0.000000,0.000000,0.000000,0.000000,0.000000,0.000000,0.000000,0.000000
MOVE,SHELF,0.000000,0.000000,0.000000,0.000000,0.000000,0.000000,0.000000,0.000000,0.000000,0.000000,0.000000,0.000000,0.000000,0.000000
MOVE,SHELF,0.000000,0.000000,0.000000,0.000000,0.000000,0.000000,0.000000,0.000000,0.000000,0.000000,0.000000,0.000000,0.000000,0.000000
MOVE,SHELF,0.000000,0.000000,0.000000,0.000000,0.000000,0.000000,0.000000,0.000000,0.000000,0.000000,0.000000,0.000000,0.000000,0.000000
MOVE,SHELF,0.000000,0.000000,0.000000,0.000000,0.000000,0.000000,0.000000,0.000000,0.000000,0.000000,0.000000,0.000000,0.000000,0.000000
MOVE,SHELF,0.000000,0.000000,0.000000,0.000000,0.000000,0.000000,0.000000,0.000000,0.000000,0.000000,0.000000,0.000000,0.000000,0.000000
MOVE,SHELF,0.000000,0.000000,0.000000,0.000000,0.000000,0.000000,0.000000,0.000000,0.000000,0.000000,0.000000,0.000000,0.000000,0.000000
MOVE,SHELF,0.000000,0.000000,0.000000,0.000000,0.000000,0.000000,0.000000,0.000000,0.000000,0.000000,0.000000,0.000000,0.000000,0.000000
MOVE,MOVE,0.000000,0.000000,0.000000,0.002932,0.209153,0.004318,0.000000,0.000000,0.000000,0.000000,0.560649,0.453959,0.576203,0.000000
MOVE,MOVE,0.000000,0.000000,0.000000,0.001564,0.177490,0.002977,0.000000,0.000000,0.000000,0.000000,0.316760,0.285488,0.393767,0.000000
MOVE,MOVE,0.000000,0.000000,0.000000,0.001350,0.451660,0.002050,0.000000,0.000000,0.000000,0.000000,0.226202,0.190504,0.321839,0.000000
TABLE2,MOVE,0.000000,0.000000,0.000000,0.001013,0.527555,0.001538,0.000000,0.000000,0.000000,0.000000,0.179517,0.143072,0.282882,0.000000
TABLE2,MOVE,0.000000,0.000000,0.000000,0.000810,0.578663,0.001231,0.000000,0.000000,0.000000,0.000000,0.151265,0.115141,0.260190,0.000000
TABLE2,MOVE,0.000000,0.000000,0.000000,0.000675,0.517738,0.001026,0.000000,0.000000,0.000000,0.000000,0.131262,0.099097,0.245916,0.000000
TABLE2,MOVE,0.000000,0.000000,0.000000,0.000579,0.586632,0.000879,0.000000,0.000000,0.000000,0.000000,0.116374,0.088058,0.233657,0.000000
TABLE2,MOVE,0.000000,0.000000,0.000000,0.000507,0.638303,0.000769,0.000000,0.000000,0.000000,0.000000,0.105006,0.080169,0.222700,0.000000
TABLE2,MOVE,0.000000,0.000000,0.000000,0.000450,0.678492,0.000684,0.000000,0.000000,0.000000,0.000000,0.096078,0.085662,0.214481,0.000000
TABLE2,MOVE,0.000000,0.000000,0.000000,0.000405,0.710642,0.000615,0.000000,0.000000,0.000000,0.000000,0.088427,0.090645,0.206702,0.000000
TABLE2,MOVE,0.000000,0.000000,0.000000,0.000112,0.789727,0.000184,0.000000,0.000000,0.000000,0.000000,0.033362,0.086694,0.162746,0.000000
TABLE2,MOVE,0.000000,0.000000,0.000000,0.000092,0.869397,0.000020,0.000000,0.000000,0.000000,0.000000,0.027055,0.132465,0.155280,0.000000
TABLE2,MOVE,0.000000,0.000000,0.000000,0.000000,0.865514,0.000000,0.000000,0.000000,0.000000,0.000000,0.023004,0.196269,0.151183,0.000000
TABLE2,MOVE,0.000000,0.000000,0.000000,0.000000,0.885801,0.000000,0.000000,0.000000,0.000000,0.000000,0.019505,0.292202,0.148284,0.000000
TABLE2,MOVE,0.000000,0.000000,0.000000,0.000000,0.901144,0.000000,0.000000,0.000000,0.000000,0.000000,0.016122,0.388223,0.145044,0.000000
TABLE2,MOVE,0.000000,0.000000,0.000000,0.000000,0.970214,0.000000,0.000000,0.000000,0.000000,0.000000,0.013205,0.482541,0.141291,0.000000
TABLE2,MOVE,0.000000,0.000000,0.000000,0.000000,0.955989,0.000000,0.000000,0.000000,0.000000,0.000000,0.010708,0.576563,0.138948,0.000000
TABLE2,MOVE,0.000000,0.000000,0.000000,0.000000,0.937119,0.000000,0.000000,0.000000,0.000000,0.000000,0.008372,0.669554,0.138015,0.000000
TABLE2,MOVE,0.000000,0.000000,0.000000,0.000000,0.914360,0.000000,0.000000,0.000000,0.000000,0.000000,0.006115,0.752055,0.136809,0.000000
TABLE2,MOVE,0.000000,0.000000,0.000000,0.000000,0.888845,0.000000,0.000000,0.000000,0.000000,0.000000,0.004362,0.833968,0.136807,0.000000
TABLE2,MOVE,0.000000,0.000000,0.000000,0.000000,0.863831,0.000000,0.000000,0.000000,0.000000,0.000000,0.003566,0.887905,0.136810,0.000000
TABLE2,TABLE2,0.000000,0.000000,0.000000,0.000000,0.000000,0.000000,0.000000,0.000000,0.000000,0.000000,0.000000,0.000000,0.000000,0.000000
TABLE2,TABLE2,0.000000,0.000000,0.000000,0.000000,0.000000,0.000000,0.000000,0.000000,0.000000,0.000000,0.000000,0.000000,0.000000,0.000000
TABLE2,TABLE2,0.000000,0.000000,0.000000,0.000000,0.000000,0.000000,0.000000,0.000000,0.000000,0.000000,0.000000,0.000000,0.000000,0.000000
TABLE2,TABLE2,0.000000,0.000000,0.000000,0.000000,0.000000,0.000000,0.000000,0.000000,0.000000,0.000000,0.000000,0.000000,0.000000,0.000000
TABLE2,TABLE2,0.000000,0.000000,0.000000,0.000000,0.000000,0.000000,0.000000,0.000000,0.000000,0.000000,0.000000,0.000000,0.000000,0.000000
TABLE2,TABLE2,0.000000,0.000000,0.000000,0.000000,0.000000,0.000000,0.000000,0.000000,0.000000,0.000000,0.000000,0.000000,0.000000,0.000000
TABLE2,TABLE2,0.000000,0.000000,0.000000,0.000000,0.000000,0.000000,0.000000,0.000000,0.000000,0.000000,0.000000,0.000000,0.000000,0.000000
TABLE2,TABLE2,0.000000,0.000000,0.000000,0.000000,0.000000,0.000000,0.000000,0.000000,0.000000,0.000000,0.000000,0.000000,0.000000,0.000000
TABLE2,TABLE2,0.000000,0.000000,0.000000,0.000000,0.000000,0.000000,0.000000,0.000000,0.000000,0.000000,0.000000,0.000000,0.000000,0.000000
TABLE2,TABLE2,0.000000,0.000000,0.000000,0.000000,0.000000,0.000000,0.000000,0.000000,0.000000,0.000000,0.000000,0.000000,0.000000,0.000000
TABLE2,TABLE2,0.000000,0.000000,0.000000,0.000000,0.000000,0.000000,0.000000,0.000000,0.000000,0.000000,0.000000,0.000000,0.000000,0.000000
TABLE2,TABLE2,0.000000,0.000000,0.000000,0.000000,0.000000,0.000000,0.000000,0.000000,0.000000,0.000000,0.000000,0.000000,0.000000,0.000000
TABLE2,TABLE2,0.000000,0.000000,0.000000,0.000000,0.000000,0.000000,0.000000,0.000000,0.000000,0.000000,0.000000,0.000000,0.000000,0.000000
TABLE2,TABLE2,0.000000,0.000000,0.000000,0.000000,0.000000,0.000000,0.000000,0.000000,0.000000,0.000000,0.000000,0.000000,0.000000,0.000000
TABLE2,TABLE2,0.000000,0.000000,0.000000,0.000000,0.000000,0.000000,0.000000,0.000000,0.000000,0.000000,0.000000,0.000000,0.000000,0.000000
TABLE2,TABLE2,0.000000,0.000000,0.000000,0.000000,0.000000,0.000000,0.000000,0.000000,0.000000,0.000000,0.000000,0.000000,0.000000,0.000000
TABLE2,TABLE2,0.000000,0.000000,0.000000,0.000000,0.000000,0.000000,0.000000,0.000000,0.000000,0.000000,0.000000,0.000000,0.000000,0.000000
TABLE2,TABLE2,0.000000,0.000000,0.000000,0.000000,0.000000,0.000000,0.000000,0.000000,0.000000,0.000000,0.000000,0.000000,0.000000,0.000000
TABLE2,TABLE2,0.000000,0.000000,0.000000,0.000000,0.000000,0.000000,0.000000,0.000000,0.000000,0.000000,0.000000,0.000000,0.000000,0.000000
TABLE2,TABLE2,0.000000,0.000000,0.000000,0.000000,0.000000,0.000000,0.000000,0.000000,0.000000,0.000000,0.000000,0.000000,0.000000,0.000000
TABLE2,TABLE2,0.000000,0.000000,0.000000,0.000000,0.000000,0.000000,0.000000,0.000000,0.000000,0.000000,0.000000,0.000000,0.000000,0.000000
TABLE2,TABLE2,0.000000,0.000000,0.000000,0.000000,0.000000,0.000000,0.000000,0.000000,0.000000,0.000000,0.000000,0.000000,0.000000,0.000000
TABLE2,TABLE2,0.000000,0.000000,0.000000,0.000000,0.000000,0.000000,0.000000,0.000000,0.000000,0.000000,0.000000,0.000000,0.000000,0.000000
TABLE2,TABLE2,0.000000,0.000000,0.000000,0.000000,0.000000,0.000000,0.000000,0.000000,0.000000,0.000000,0.000000,0.000000,0.000000,0.000000
TABLE2,TABLE2,0.000000,0.000000,0.000000,0.000000,0.000000,0.000000,0.000000,0.000000,0.000000,0.000000,0.000000,0.000000,0.000000,0.000000
TABLE2,TABLE2,0.000000,0.000000,0.000000,0.000000,0.000000,0.000000,0.000000,0.000000,0.000000,0.000000,0.000000,0.000000,0.000000,0.000000
TABLE2,TABLE2,0.000000,0.000000,0.000000,0.000000,0.000000,0.000000,0.000000,0.000000,0.000000,0.000000,0.000000,0.000000,0.000000,0.000000
TABLE2,TABLE2,0.000000,0.000000,0.000000,0.000000,0.000000,0.000000,0.000000,0.000000,0.000000,0.000000,0.000000,0.000000,0.000000,0.000000
TABLE2,MOVE,0.000000,0.006064,0.000259,0.000000,0.000000,0.000000,0.000000,0.000000,0.000000,0.000000,0.000000,0.000000,0.000000,0.000000
TABLE2,MOVE,0.000000,0.004821,0.000195,0.000000,0.000000,0.000000,0.000000,0.000000,0.000000,0.000000,0.000000,0.000000,0.000000,0.000000
TABLE2,MOVE,0.000000,0.004058,0.000158,0.000000,0.000000,0.000000,0.000000,0.000000,0.000000,0.000000,0.000000,0.000000,0.000000,0.000000
TABLE2,MOVE,0.000000,0.003632,0.000137,0.000000,0.000000,0.000000,0.000000,0.000000,0.000000,0.000000,0.000000,0.000000,0.000000,0.000000
TABLE2,MOVE,0.000000,0.003421,0.000126,0.000000,0.000000,0.000000,0.000000,0.000000,0.000000,0.000000,0.000000,0.000000,0.000000,0.000000
TABLE2,MOVE,0.000000,0.003395,0.000124,0.000000,0.000000,0.000000,0.000000,0.000000,0.000000,0.000000,0.000000,0.000000,0.000000,0.000000
TABLE2,MOVE,0.000000,0.003623,0.000135,0.000000,0.000000,0.000000,0.000000,0.000000,0.000000,0.000000,0.000000,0.000000,0.000000,0.000000
TABLE2,MOVE,0.000000,0.004253,0.000178,0.000000,0.000000,0.000000,0.000000,0.000000,0.000000,0.000000,0.000000,0.000000,0.000000,0.000000
TABLE2,MOVE,0.000000,0.005535,0.000280,0.000000,0.000000,0.000000,0.000000,0.000000,0.000000,0.000000,0.000000,0.000000,0.000000,0.000000
TABLE2,MOVE,0.000000,0.008062,0.000543,0.000000,0.000000,0.000000,0.000000,0.000000,0.000000,0.000000,0.000000,0.000000,0.000000,0.000000
TABLE2,MOVE,0.000000,0.013718,0.001362,0.000000,0.000000,0.000000,0.000000,0.000000,0.000000,0.000000,0.000000,0.000000,0.000000,0.000000
TABLE2,MOVE,0.000000,0.025739,0.003755,0.000000,0.000000,0.000000,0.000000,0.000000,0.000000,0.000000,0.000000,0.000000,0.000000,0.000000
TABLE2,MOVE,0.000000,0.048669,0.010242,0.000000,0.000000,0.000000,0.000000,0.000000,0.000000,0.000000,0.000000,0.000000,0.000000,0.000000
TABLE2,MOVE,0.000000,0.087186,0.026432,0.000000,0.000000,0.000000,0.000000,0.000000,0.000000,0.000000,0.000000,0.000000,0.000000,0.000000
TABLE2,MOVE,0.000000,0.142482,0.060069,0.000000,0.000000,0.000000,0.000000,0.000000,0.000000,0.000000,0.000000,0.000000,0.000000,0.000000
TABLE2,MOVE,0.000000,0.210946,0.118158,0.000000,0.000000,0.000000,0.000000,0.000000,0.000000,0.000000,0.000000,0.000000,0.000000,0.000000
TABLE2,MOVE,0.000000,0.210447,0.198704,0.000000,0.000000,0.000000,0.000000,0.000000,0.012633,0.000000,0.000000,0.000000,0.000000,0.000000
TABLE2,MOVE,0.000000,0.209581,0.290085,0.000000,0.000000,0.000000,0.000000,0.000000,0.025267,0.000000,0.000000,0.000000,0.000000,0.000000
TABLE2,MOVE,0.000000,0.208002,0.377906,0.000000,0.000000,0.000000,0.000000,0.000000,0.037900,0.000000,0.000000,0.000000,0.000000,0.000000
TABLE2,MOVE,0.000000,0.204922,0.451962,0.000000,0.000000,0.000000,0.000000,0.000000,0.050534,0.000000,0.000000,0.000000,0.000000,0.000000
TABLE2,MOVE,0.000000,0.198659,0.510389,0.000000,0.000000,0.000000,0.000000,0.000000,0.063167,0.000000,0.000000,0.000000,0.000000,0.000000
TABLE2,MOVE,0.000000,0.186280,0.556307,0.000000,0.000000,0.000000,0.000000,0.000000,0.075800,0.000000,0.000000,0.000000,0.000000,0.000000
TABLE2,MOVE,0.000000,0.163097,0.590977,0.000000,0.000000,0.000000,0.000000,0.000000,0.088434,0.000000,0.000000,0.000000,0.000000,0.000000
TABLE2,MOVE,0.000000,0.124345,0.609448,0.000000,0.000000,0.000000,0.000000,0.000000,0.101067,0.000000,0.000000,0.000000,0.000000,0.000000
TABLE2,MOVE,0.000000,0.068791,0.606925,0.000000,0.000000,0.000000,0.000000,0.000000,0.113700,0.000000,0.000000,0.000000,0.000000,0.000000
TABLE2,MOVE,0.000000,0.000000,0.578604,0.000000,0.000000,0.000000,0.000000,0.000000,0.126334,0.000000,0.000000,0.000000,0.000000,0.000000
TABLE2,MOVE,0.000000,0.000000,0.527570,0.000000,0.000000,0.000000,0.000000,0.000000,0.125217,0.000000,0.000000,0.000000,0.000000,0.000000
TABLE2,MOVE,0.000000,0.000000,0.466892,0.000000,0.000000,0.000000,0.000000,0.000000,0.124100,0.000000,0.000000,0.000000,0.000000,0.000000
TABLE2,MOVE,0.000000,0.000000,0.411626,0.000000,0.000000,0.000000,0.000000,0.000000,0.122983,0.000000,0.000000,0.000000,0.000000,0.000000
TABLE2,MOVE,0.000000,0.000000,0.372026,0.000000,0.000000,0.000000,0.000000,0.000000,0.121866,0.097236,0.000000,0.000000,0.000000,0.000000
TABLE2,MOVE,0.000000,0.000000,0.348926,0.000000,0.000000,0.000000,0.000000,0.000000,0.120749,0.194472,0.000000,0.000000,0.000000,0.000000
TABLE2,MOVE,0.000000,0.000000,0.336849,0.000000,0.000000,0.000000,0.000000,0.000000,0.119632,0.284576,0.000000,0.000000,0.000000,0.000000
TABLE2,MOVE,0.000000,0.000000,0.331466,0.000000,0.000000,0.000000,0.000000,0.000000,0.118515,0.374681,0.000000,0.000000,0.000000,0.000000
TABLE2,MOVE,0.000000,0.000000,0.331709,0.000000,0.000000,0.000000,0.000000,0.000000,0.117398,0.464786,0.000000,0.000000,0.000000,0.000000
TABLE2,MOVE,0.000000,0.000000,0.334103,0.000000,0.000000,0.000000,0.000000,0.000000,0.116281,0.554890,0.000000,0.000000,0.000000,0.000000
TABLE2,MOVE,0.000000,0.000000,0.337449,0.000000,0.000000,0.000000,0.000000,0.000000,0.115165,0.652126,0.000000,0.000000,0.000000,0.000000
TABLE2,MOVE,0.000000,0.000000,0.341600,0.000000,0.000000,0.000000,0.000000,0.000000,0.115165,0.749362,0.000000,0.000000,0.000000,0.000000
TABLE2,MOVE,0.000000,0.000000,0.347332,0.000000,0.000000,0.000000,0.000000,0.000000,0.115165,0.846598,0.000000,0.000000,0.000000,0.000000
TABLE2,MOVE,0.000000,0.000000,0.353530,0.000000,0.000000,0.000000,0.000000,0.000000,0.115165,0.943834,0.000000,0.000000,0.000000,0.000000
TABLE2,MOVE,0.000000,0.000000,0.360130,0.000000,0.000000,0.000000,0.000000,0.000000,0.115165,0.943834,0.000000,0.000000,0.000000,0.000000
TABLE2,MOVE,0.000000,0.000000,0.367657,0.000000,0.000000,0.000000,0.000000,0.000000,0.115165,0.943834,0.000000,0.000000,0.000000,0.000000
TABLE2,MOVE,0.000000,0.000000,0.376294,0.000000,0.000000,0.000000,0.000000,0.000000,0.115165,0.950965,0.000000,0.000000,0.000000,0.000000
TABLE2,MOVE,0.000000,0.000000,0.384396,0.000000,0.000000,0.000000,0.000000,0.000000,0.115165,0.958096,0.000000,0.000000,0.000000,0.000000
TABLE2,MOVE,0.000000,0.000000,0.390317,0.000000,0.000000,0.000000,0.000000,0.000000,0.115165,0.965227,0.000000,0.000000,0.000000,0.000000
TABLE2,MOVE,0.000000,0.000000,0.392203,0.000000,0.000000,0.000000,0.000000,0.000000,0.115165,0.972358,0.000000,0.000000,0.000000,0.000000
TABLE2,MOVE,0.000000,0.000000,0.388908,0.000000,0.000000,0.000000,0.000000,0.000000,0.115165,0.972358,0.000000,0.000000,0.000000,0.000000
TABLE2,MOVE,0.000000,0.000000,0.379423,0.000000,0.000000,0.000000,0.000000,0.000000,0.115165,0.972358,0.000000,0.000000,0.000000,0.000000
TABLE2,MOVE,0.000000,0.000000,0.361951,0.000000,0.000000,0.000000,0.000000,0.000000,0.115165,0.972358,0.000000,0.000000,0.000000,0.000000
TABLE2,MOVE,0.000000,0.000000,0.337291,0.000000,0.000000,0.000000,0.000000,0.000000,0.115165,0.972358,0.000000,0.000000,0.000000,0.000000
TABLE2,MOVE,0.000000,0.000000,0.306302,0.000000,0.000000,0.000000,0.000000,0.000000,0.115165,0.972358,0.000000,0.000000,0.000000,0.000000
TABLE2,MOVE,0.000000,0.000000,0.270472,0.000000,0.000000,0.000000,0.000000,0.000000,0.115165,0.972358,0.000000,0.000000,0.000000,0.000000
TABLE2,MOVE,0.000000,0.000000,0.231292,0.000000,0.000000,0.000000,0.000000,0.000000,0.115165,0.972358,0.000000,0.000000,0.000000,0.000000
TABLE2,MOVE,0.000000,0.000000,0.192200,0.000000,0.000000,0.000000,0.000000,0.000000,0.116281,0.972358,0.000000,0.000000,0.000000,0.000000
TABLE2,MOVE,0.000000,0.000000,0.155487,0.000000,0.000000,0.000000,0.000000,0.000000,0.117398,0.972358,0.000000,0.000000,0.000000,0.000000
TABLE2,MOVE,0.000000,0.000000,0.123622,0.000000,0.000000,0.000000,0.000000,0.000000,0.118515,0.972358,0.000000,0.000000,0.000000,0.000000
MOVE,MOVE,0.000000,0.000000,0.096929,0.000000,0.000000,0.000000,0.000000,0.000000,0.119632,0.972358,0.000000,0.000000,0.000000,0.000000
MOVE,MOVE,0.000000,0.000000,0.075909,0.000000,0.000000,0.000000,0.000000,0.000000,0.120749,0.972358,0.000000,0.000000,0.000000,0.000000
MOVE,MOVE,0.000000,0.000000,0.060370,0.000000,0.000000,0.000000,0.000000,0.000000,0.121866,0.972358,0.000000,0.000000,0.000000,0.000000
MOVE,MOVE,0.000000,0.000000,0.050017,0.000000,0.000000,0.000000,0.000000,0.000000,0.122983,0.972358,0.000000,0.000000,0.000000,0.000000
MOVE,MOVE,0.000000,0.000000,0.044157,0.000000,0.000000,0.000000,0.000000,0.000000,0.124100,0.972358,0.000000,0.000000,0.000000,0.000000
MOVE,MOVE,0.000000,0.000000,0.041341,0.000000,0.000000,0.000000,0.000000,0.000000,0.113868,0.972358,0.000000,0.000000,0.000000,0.000000
MOVE,MOVE,0.000000,0.003041,0.041037,0.000000,0.000000,0.000000,0.000000,0.000000,0.102398,0.940290,0.000000,0.000000,0.000000,0.000000
MOVE,MOVE,0.000000,0.004840,0.135064,0.000000,0.000000,0.000000,0.000000,0.000000,0.089943,0.843054,0.000000,0.000000,0.000000,0.000000
MOVE,MOVE,0.000000,0.005484,0.136103,0.000000,0.000000,0.000000,0.000000,0.000000,0.077555,0.745818,0.000000,0.000000,0.000000,0.000000
MOVE,MOVE,0.000000,0.005612,0.211961,0.000000,0.000000,0.000000,0.000000,0.000000,0.065634,0.648648,0.000000,0.000000,0.000000,0.000000
MOVE,MOVE,0.000000,0.006569,0.270287,0.000000,0.000000,0.000000,0.000000,0.000000,0.055015,0.551948,0.000000,0.000000,0.000000,0.000000
THROW,MOVE,0.000000,0.006765,0.271348,0.000000,0.000000,0.000000,0.000000,0.000000,0.044870,0.455313,0.000000,0.000000,0.000000,0.000000
THROW,MOVE,0.000000,0.006769,0.315894,0.000000,0.000000,0.000000,0.000000,0.000000,0.036051,0.359322,0.000000,0.000000,0.000000,0.000000
THROW,MOVE,0.000000,0.006769,0.358884,0.000000,0.000000,0.000000,0.000000,0.000000,0.025490,0.264390,0.000000,0.000000,0.000000,0.000000
THROW,MOVE,0.000000,0.006769,0.404931,0.000000,0.000000,0.000000,0.000000,0.000000,0.014086,0.171078,0.000000,0.000000,0.000000,0.000000
THROW,MOVE,0.000000,0.006769,0.411969,0.000000,0.000000,0.000000,0.000000,0.000000,0.012825,0.080970,0.000000,0.000000,0.000000,0.000000
THROW,MOVE,0.000000,0.003728,0.426490,0.000000,0.000000,0.000000,0.000000,0.000000,0.012800,0.026097,0.000000,0.000000,0.000000,0.000000
THROW,MOVE,0.000000,0.001928,0.359442,0.000000,0.000000,0.000000,0.000000,0.000000,0.012640,0.039696,0.000000,0.000000,0.000000,0.000000
THROW,MOVE,0.000000,0.001285,0.440061,0.000000,0.000000,0.000000,0.000000,0.000000,0.012415,0.057043,0.000000,0.000000,0.000000,0.000000
THROW,MOVE,0.000000,0.001157,0.454354,0.000000,0.000000,0.000000,0.000000,0.000000,0.012928,0.074457,0.000000,0.000000,0.000000,0.000000
THROW,MOVE,0.000000,0.000200,0.490062,0.000000,0.000000,0.000000,0.000000,0.000000,0.020070,0.091972,0.000000,0.000000,0.000000,0.000000
THROW,THROW,0.000000,0.000000,0.000000,0.000000,0.000000,0.000000,0.000000,0.000000,0.000000,0.000000,0.000000,0.000000,0.000000,0.000000
THROW,THROW,0.000000,0.000000,0.000000,0.000000,0.000000,0.000000,0.000000,0.000000,0.000000,0.000000,0.000000,0.000000,0.000000,0.000000
THROW,THROW,0.000000,0.000000,0.000000,0.000000,0.000000,0.000000,0.000000,0.000000,0.000000,0.000000,0.000000,0.000000,0.000000,0.000000
THROW,THROW,0.000000,0.000000,0.000000,0.000000,0.000000,0.000000,0.000000,0.000000,0.000000,0.000000,0.000000,0.000000,0.000000,0.000000
THROW,THROW,0.000000,0.000000,0.000000,0.000000,0.000000,0.000000,0.000000,0.000000,0.000000,0.000000,0.000000,0.000000,0.000000,0.000000
THROW,THROW,0.000000,0.000000,0.000000,0.000000,0.000000,0.000000,0.000000,0.000000,0.000000,0.000000,0.000000,0.000000,0.000000,0.000000
THROW,THROW,0.000000,0.000000,0.000000,0.000000,0.000000,0.000000,0.000000,0.000000,0.000000,0.000000,0.000000,0.000000,0.000000,0.000000
THROW,THROW,0.000000,0.000000,0.000000,0.000000,0.000000,0.000000,0.000000,0.000000,0.000000,0.000000,0.000000,0.000000,0.000000,0.000000
RELEASE,THROW,0.000000,0.000000,0.000000,0.000000,0.000000,0.000000,0.000000,0.000000,0.000000,0.000000,0.000000,0.000000,0.000000,0.000000
RELEASE,THROW,0.000000,0.000000,0.000000,0.000000,0.000000,0.000000,0.000000,0.000000,0.000000,0.000000,0.000000,0.000000,0.000000,0.000000
RELEASE,RELEASE,0.000000,0.000000,0.000000,0.000000,0.000000,0.000000,0.000000,0.000000,0.000000,0.000000,0.000000,0.000000,0.000000,0.000000
RELEASE,RELEASE,0.000000,0.000000,0.000000,0.000000,0.000000,0.000000,0.000000,0.000000,0.000000,0.000000,0.000000,0.000000,0.000000,0.000000
RELEASE,RELEASE,0.000000,0.000000,0.000000,0.000000,0.000000,0.000000,0.000000,0.000000,0.000000,0.000000,0.000000,0.000000,0.000000,0.000000
RELEASE,RELEASE,0.000000,0.000000,0.000000,0.000000,0.000000,0.000000,0.000000,0.000000,0.000000,0.000000,0.000000,0.000000,0.000000,0.000000
RELEASE,RELEASE,0.000000,0.000000,0.000000,0.000000,0.000000,0.000000,0.000000,0.000000,0.000000,0.000000,0.000000,0.000000,0.000000,0.000000
RELEASE,RELEASE,0.000000,0.000000,0.000000,0.000000,0.000000,0.000000,0.000000,0.000000,0.000000,0.000000,0.000000,0.000000,0.000000,0.000000
RELEASE,RELEASE,0.000000,0.000000,0.000000,0.000000,0.000000,0.000000,0.000000,0.000000,0.000000,0.000000,0.000000,0.000000,0.000000,0.000000
RELEASE,RELEASE,0.000000,0.000000,0.000000,0.000000,0.000000,0.000000,0.000000,0.000000,0.000000,0.000000,0.000000,0.000000,0.000000,0.000000
RELEASE,RELEASE,0.000000,0.000000,0.000000,0.000000,0.000000,0.000000,0.000000,0.000000,0.000000,0.000000,0.000000,0.000000,0.000000,0.000000
RELEASE,RELEASE,0.000000,0.000000,0.000000,0.000000,0.000000,0.000000,0.000000,0.000000,0.000000,0.000000,0.000000,0.000000,0.000000,0.000000
RELEASE,RELEASE,0.000000,0.000000,0.000000,0.000000,0.000000,0.000000,0.000000,0.000000,0.000000,0.000000,0.000000,0.000000,0.000000,0.000000
RELEASE,RELEASE,0.000000,0.000000,0.000000,0.000000,0.000000,0.000000,0.000000,0.000000,0.000000,0.000000,0.000000,0.000000,0.000000,0.000000
RELEASE,RELEASE,0.000000,0.000000,0.000000,0.000000,0.000000,0.000000,0.000000,0.000000,0.000000,0.000000,0.000000,0.000000,0.000000,0.000000
RELEASE,RELEASE,0.000000,0.000000,0.000000,0.000000,0.000000,0.000000,0.000000,0.000000,0.000000,0.000000,0.000000,0.000000,0.000000,0.000000
RELEASE,RELEASE,0.000000,0.000000,0.000000,0.000000,0.000000,0.000000,0.000000,0.000000,0.000000,0.000000,0.000000,0.000000,0.000000,0.000000
RELEASE,RELEASE,0.000000,0.000000,0.000000,0.000000,0.000000,0.000000,0.000000,0.000000,0.000000,0.000000,0.000000,0.000000,0.000000,0.000000
RELEASE,RELEASE,0.000000,0.000000,0.000000,0.000000,0.000000,0.000000,0.000000,0.000000,0.000000,0.000000,0.000000,0.000000,0.000000,0.000000
RELEASE,RELEASE,0.000000,0.000000,0.000000,0.000000,0.000000,0.000000,0.000000,0.000000,0.000000,0.000000,0.000000,0.000000,0.000000,0.000000
RELEASE,RELEASE,0.000000,0.000000,0.000000,0.000000,0.000000,0.000000,0.000000,0.000000,0.000000,0.000000,0.000000,0.000000,0.000000,0.000000
RELEASE,RELEASE,0.000000,0.000000,0.000000,0.000000,0.000000,0.000000,0.000000,0.000000,0.000000,0.000000,0.000000,0.000000,0.000000,0.000000
RELEASE,RELEASE,0.000000,0.000000,0.000000,0.000000,0.000000,0.000000,0.000000,0.000000,0.000000,0.000000,0.000000,0.000000,0.000000,0.000000
RELEASE,RELEASE,0.000000,0.000000,0.000000,0.000000,0.000000,0.000000,0.000000,0.000000,0.000000,0.000000,0.000000,0.000000,0.000000,0.000000
RELEASE,RELEASE,0.000000,0.000000,0.000000,0.000000,0.000000,0.000000,0.000000,0.000000,0.000000,0.000000,0.000000,0.000000,0.000000,0.000000
RELEASE,RELEASE,0.000000,0.000000,0.000000,0.000000,0.000000,0.000000,0.000000,0.000000,0.000000,0.000000,0.000000,0.000000,0.000000,0.000000
RELEASE,RELEASE,0.000000,0.000000,0.000000,0.000000,0.000000,0.000000,0.000000,0.000000,0.000000,0.000000,0.000000,0.000000,0.000000,0.000000
RELEASE,RELEASE,0.000000,0.000000,0.000000,0.000000,0.000000,0.000000,0.000000,0.000000,0.000000,0.000000,0.000000,0.000000,0.000000,0.000000
RELEASE,RELEASE,0.000000,0.000000,0.000000,0.000000,0.000000,0.000000,0.000000,0.000000,0.000000,0.000000,0.000000,0.000000,0.000000,0.000000
RELEASE,RELEASE,0.000000,0.000000,0.000000,0.000000,0.000000,0.000000,0.000000,0.000000,0.000000,0.000000,0.000000,0.000000,0.000000,0.000000
RELEASE,RELEASE,0.000000,0.000000,0.000000,0.000000,0.000000,0.000000,0.000000,0.000000,0.000000,0.000000,0.000000,0.000000,0.000000,0.000000
RELEASE,RELEASE,0.000000,0.000000,0.000000,0.000000,0.000000,0.000000,0.000000,0.000000,0.000000,0.000000,0.000000,0.000000,0.000000,0.000000
RELEASE,RELEASE,0.000000,0.000000,0.000000,0.000000,0.000000,0.000000,0.000000,0.000000,0.000000,0.000000,0.000000,0.000000,0.000000,0.000000
RELEASE,RELEASE,0.000000,0.000000,0.000000,0.000000,0.000000,0.000000,0.000000,0.000000,0.000000,0.000000,0.000000,0.000000,0.000000,0.000000
RELEASE,RELEASE,0.000000,0.000000,0.000000,0.000000,0.000000,0.000000,0.000000,0.000000,0.000000,0.000000,0.000000,0.000000,0.000000,0.000000
RELEASE,RELEASE,0.000000,0.000000,0.000000,0.000000,0.000000,0.000000,0.000000,0.000000,0.000000,0.000000,0.000000,0.000000,0.000000,0.000000
RELEASE,RELEASE,0.000000,0.000000,0.000000,0.000000,0.000000,0.000000,0.000000,0.000000,0.000000,0.000000,0.000000,0.000000,0.000000,0.000000
RELEASE,RELEASE,0.000000,0.000000,0.000000,0.000000,0.000000,0.000000,0.000000,0.000000,0.000000,0.000000,0.000000,0.000000,0.000000,0.000000
RELEASE,RELEASE,0.000000,0.000000,0.000000,0.000000,0.000000,0.000000,0.000000,0.000000,0.000000,0.000000,0.000000,0.000000,0.000000,0.000000
RELEASE,RELEASE,0.000000,0.000000,0.000000,0.000000,0.000000,0.000000,0.000000,0.000000,0.000000,0.000000,0.000000,0.000000,0.000000,0.000000
RELEASE,RELEASE,0.000000,0.000000,0.000000,0.000000,0.000000,0.000000,0.000000,0.000000,0.000000,0.000000,0.000000,0.000000,0.000000,0.000000
RELEASE,RELEASE,0.000000,0.000000,0.000000,0.000000,0.000000,0.000000,0.000000,0.000000,0.000000,0.000000,0.000000,0.000000,0.000000,0.000000
RELEASE,RELEASE,0.000000,0.000000,0.000000,0.000000,0.000000,0.000000,0.000000,0.000000,0.000000,0.000000,0.000000,0.000000,0.000000,0.000000
RELEASE,RELEASE,0.000000,0.000000,0.000000,0.000000,0.000000,0.000000,0.000000,0.000000,0.000000,0.000000,0.000000,0.000000,0.000000,0.000000
RELEASE,RELEASE,0.000000,0.000000,0.000000,0.000000,0.000000,0.000000,0.000000,0.000000,0.000000,0.000000,0.000000,0.000000,0.000000,0.000000
RELEASE,RELEASE,0.000000,0.000000,0.000000,0.000000,0.000000,0.000000,0.000000,0.000000,0.000000,0.000000,0.000000,0.000000,0.000000,0.000000
RELEASE,RELEASE,0.000000,0.000000,0.000000,0.000000,0.000000,0.000000,0.000000,0.000000,0.000000,0.000000,0.000000,0.000000,0.000000,0.000000
RELEASE,RELEASE,0.000000,0.000000,0.000000,0.000000,0.000000,0.000000,0.000000,0.000000,0.000000,0.000000,0.000000,0.000000,0.000000,0.000000
RELEASE,RELEASE,0.000000,0.000000,0.000000,0.000000,0.000000,0.000000,0.000000,0.000000,0.000000,0.000000,0.000000,0.000000,0.000000,0.000000
RELEASE,RELEASE,0.000000,0.000000,0.000000,0.000000,0.000000,0.000000,0.000000,0.000000,0.000000,0.000000,0.000000,0.000000,0.000000,0.000000
RELEASE,RELEASE,0.000000,0.000000,0.000000,0.000000,0.000000,0.000000,0.000000,0.000000,0.000000,0.000000,0.000000,0.000000,0.000000,0.000000
RELEASE,RELEASE,0.000000,0.000000,0.000000,0.000000,0.000000,0.000000,0.000000,0.000000,0.000000,0.000000,0.000000,0.000000,0.000000,0.000000
RELEASE,RELEASE,0.000000,0.000000,0.000000,0.000000,0.000000,0.000000,0.000000,0.000000,0.000000,0.000000,0.000000,0.000000,0.000000,0.000000
RELEASE,RELEASE,0.000000,0.000000,0.000000,0.000000,0.000000,0.000000,0.000000,0.000000,0.000000,0.000000,0.000000,0.000000,0.000000,0.000000
RELEASE,RELEASE,0.000000,0.000000,0.000000,0.000000,0.000000,0.000000,0.000000,0.000000,0.000000,0.000000,0.000000,0.000000,0.000000,0.000000
RELEASE,RELEASE,0.000000,0.000000,0.000000,0.000000,0.000000,0.000000,0.000000,0.000000,0.000000,0.000000,0.000000,0.000000,0.000000,0.000000
RELEASE,RELEASE,0.000000,0.000000,0.000000,0.000000,0.000000,0.000000,0.000000,0.000000,0.000000,0.000000,0.000000,0.000000,0.000000,0.000000
RELEASE,RELEASE,0.000000,0.000000,0.000000,0.000000,0.000000,0.000000,0.000000,0.000000,0.000000,0.000000,0.000000,0.000000,0.000000,0.000000
RELEASE,RELEASE,0.000000,0.000000,0.000000,0.000000,0.000000,0.000000,0.000000,0.000000,0.000000,0.000000,0.000000,0.000000,0.000000,0.000000
RELEASE,RELEASE,0.000000,0.000000,0.000000,0.000000,0.000000,0.000000,0.000000,0.000000,0.000000,0.000000,0.000000,0.000000,0.000000,0.000000
RELEASE,RELEASE,0.000000,0.000000,0.000000,0.000000,0.000000,0.000000,0.000000,0.000000,0.000000,0.000000,0.000000,0.000000,0.000000,0.000000
RELEASE,RELEASE,0.000000,0.000000,0.000000,0.000000,0.000000,0.000000,0.000000,0.000000,0.000000,0.000000,0.000000,0.000000,0.000000,0.000000
RELEASE,RELEASE,0.000000,0.000000,0.000000,0.000000,0.000000,0.000000,0.000000,0.000000,0.000000,0.000000,0.000000,0.000000,0.000000,0.000000
RELEASE,RELEASE,0.000000,0.000000,0.000000,0.000000,0.000000,0.000000,0.000000,0.000000,0.000000,0.000000,0.000000,0.000000,0.000000,0.000000
RELEASE,RELEASE,0.000000,0.000000,0.000000,0.000000,0.000000,0.000000,0.000000,0.000000,0.000000,0.000000,0.000000,0.000000,0.000000,0.000000
RELEASE,RELEASE,0.000000,0.000000,0.000000,0.000000,0.000000,0.000000,0.000000,0.000000,0.000000,0.000000,0.000000,0.000000,0.000000,0.000000
RELEASE,RELEASE,0.000000,0.000000,0.000000,0.000000,0.000000,0.000000,0.000000,0.000000,0.000000,0.000000,0.000000,0.000000,0.000000,0.000000
RELEASE,RELEASE,0.000000,0.000000,0.000000,0.000000,0.000000,0.000000,0.000000,0.000000,0.000000,0.000000,0.000000,0.000000,0.000000,0.000000
RELEASE,RELEASE,0.000000,0.000000,0.000000,0.000000,0.000000,0.000000,0.000000,0.000000,0.000000,0.000000,0.000000,0.000000,0.000000,0.000000
RELEASE,RELEASE,0.000000,0.000000,0.000000,0.000000,0.000000,0.000000,0.000000,0.000000,0.000000,0.000000,0.000000,0.000000,0.000000,0.000000
RELEASE,RELEASE,0.000000,0.000000,0.000000,0.000000,0.000000,0.000000,0.000000,0.000000,0.000000,0.000000,0.000000,0.000000,0.000000,0.000000
RELEASE,RELEASE,0.000000,0.000000,0.000000,0.000000,0.000000,0.000000,0.000000,0.000000,0.000000,0.000000,0.000000,0.000000,0.000000,0.000000
RELEASE,RELEASE,0.000000,0.000000,0.000000,0.000000,0.000000,0.000000,0.000000,0.000000,0.000000,0.000000,0.000000,0.000000,0.000000,0.000000
RELEASE,RELEASE,0.000000,0.000000,0.000000,0.000000,0.000000,0.000000,0.000000,0.000000,0.000000,0.000000,0.000000,0.000000,0.000000,0.000000
RELEASE,RELEASE,0.000000,0.000000,0.000000,0.000000,0.000000,0.000000,0.000000,0.000000,0.000000,0.000000,0.000000,0.000000,0.000000,0.000000
