51,0,0.459032,-0.194269,1.87248,-0.0301668,0.411059,1.76859,RELEASE
52,0,0.459915,-0.194178,1.87254,-0.0301668,0.411059,1.76859,RELEASE
53,0,0.458702,-0.193441,1.86994,-0.0301668,0.411059,1.76859,RELEASE
54,0,0.460322,-0.195691,1.86707,-0.0301668,0.411059,1.76859,RELEASE
55,0,0.459947,-0.196816,1.8631,-0.0301668,0.411059,1.76859,RELEASE
56,0,0.459369,-0.195927,1.86347,-0.0301668,0.411059,1.76859,RELEASE
57,0,0.460062,-0.196533,1.86286,-0.0301668,0.411059,1.76859,RELEASE
58,0,0.460616,-0.197138,1.86392,-0.0301668,0.411059,1.76859,RELEASE
59,0,0.458987,-0.195095,1.86763,-0.0301668,0.411059,1.76859,RELEASE
60,0,0.460062,-0.196179,1.86441,-0.0301668,0.411059,1.76859,RELEASE
61,0,0.461441,-0.196329,1.86414,-0.0301668,0.411059,1.76859,RELEASE
62,0,0.460091,-0.197483,1.86471,-0.0301668,0.411059,1.76859,RELEASE
63,0,0.461884,-0.196937,1.8635,-0.0301668,0.411059,1.76859,RELEASE
64,0,0.462168,-0.197313,1.86492,-0.0301668,0.411059,1.76859,RELEASE
65,0,0.459531,-0.195619,1.8647,-0.0301668,0.411059,1.76859,RELEASE
66,0,0.458172,-0.196,1.86404,-0.0301668,0.411059,1.76859,RELEASE
67,0,0.461118,-0.196072,1.86432,-0.0301668,0.411059,1.76859,RELEASE
68,0,0.458946,-0.195808,1.86528,-0.0301668,0.411059,1.76859,RELEASE
69,0,0.45731,-0.196072,1.86341,-0.0301668,0.411059,1.76859,RELEASE
70,0,0.45935,-0.195913,1.86296,-0.0301668,0.411059,1.76859,RELEASE
71,0,0.456923,-0.195653,1.86292,-0.0301668,0.411059,1.76859,RELEASE
72,0,0.459134,-0.194739,1.86357,-0.0301668,0.411059,1.76859,RELEASE
73,0,0.459012,-0.194966,1.86352,-0.0301668,0.411059,1.76859,RELEASE
74,0,0.4586,-0.193841,1.86642,-0.0301668,0.411059,1.76859,RELEASE
75,0,0.459666,-0.193057,1.86609,-0.0301668,0.411059,1.76859,RELEASE
76,0,0.458865,-0.192468,1.8688,-0.0301668,0.411059,1.76859,RELEASE
77,0,0.458069,-0.195979,1.8621,-0.0301668,0.411059,1.76859,RELEASE
78,0,0.459247,-0.196607,1.8639,-0.0301668,0.411059,1.76859,RELEASE
79,0,0.460168,-0.197417,1.86388,-0.0301668,0.411059,1.76859,RELEASE
80,0,0.458594,-0.193208,1.86617,-0.0301668,0.411059,1.76859,RELEASE
81,0,0.45844,-0.193672,1.86628,-0.0301668,0.411059,1.76859,RELEASE
82,0,0.459543,-0.194601,1.86838,-0.0301668,0.411059,1.76859,RELEASE
83,0,0.458694,-0.19491,1.86776,-0.0301668,0.411059,1.76859,RELEASE
84,0,0.460957,-0.196807,1.86329,-0.0301668,0.411059,1.76859,RELEASE
85,0,0.460876,-0.194994,1.86197,-0.0301668,0.411059,1.76859,RELEASE
86,0,0.463687,-0.197729,1.86352,-0.0301668,0.411059,1.76859,RELEASE
87,0,0.459738,-0.196846,1.863,-0.0301668,0.411059,1.76859,RELEASE
88,0,0.459711,-0.196653,1.86152,-0.0301668,0.411059,1.76859,RELEASE
89,0,0.459756,-0.195523,1.86213,-0.0301668,0.411059,1.76859,RELEASE
90,0,0.458388,-0.196051,1.86319,-0.0301668,0.411059,1.76859,RELEASE
91,0,0.459161,-0.197012,1.8629,-0.0301668,0.411059,1.76859,RELEASE
92,0,0.458004,-0.196398,1.86168,-0.0301668,0.411059,1.76859,RELEASE
93,0,0.453341,-0.190978,1.84068,-0.0301668,0.411059,1.76859,RELEASE
94,0,0.45199,-0.190986,1.84033,-0.0301668,0.411059,1.76859,RELEASE
95,0,0.451179,-0.192391,1.83555,-0.0301668,0.411059,1.76859,RELEASE
96,0,0.453241,-0.191048,1.8378,-0.0301668,0.411059,1.76859,RELEASE
97,0,0.452873,-0.190587,1.84025,-0.0301668,0.411059,1.76859,RELEASE
98,0,0.451703,-0.191395,1.84118,-0.0301668,0.411059,1.76859,RELEASE
99,0,0.45109,-0.190773,1.84132,-0.0301668,0.411059,1.76859,RELEASE
100,0,0.45103,-0.191062,1.84226,-0.0301668,0.411059,1.76859,RELEASE
101,0,0.451782,-0.191662,1.84133,-0.0301668,0.411059,1.76859,RELEASE
102,0,0.4527,-0.191099,1.83929,-0.0301668,0.411059,1.76859,RELEASE
103,0,0.45218,-0.191964,1.83916,-0.0301668,0.411059,1.76859,RELEASE
104,0,0.452264,-0.19212,1.84137,-0.0301668,0.411059,1.76859,RELEASE
105,0,0.451907,-0.190848,1.84405,-0.0301668,0.411059,1.76859,RELEASE
106,0,0.45258,-0.191535,1.84197,-0.0301668,0.411059,1.76859,RELEASE
107,0,0.452841,-0.191644,1.84168,-0.0301668,0.411059,1.76859,RELEASE
108,0,0.451537,-0.19283,1.84161,-0.0301668,0.411059,1.76859,RELEASE
109,0,0.454319,-0.191661,1.8436,-0.0301668,0.411059,1.76859,RELEASE
110,0,0.454129,-0.192084,1.84255,-0.0301668,0.411059,1.76859,RELEASE
111,0,0.454825,-0.191982,1.84281,-0.0301668,0.411059,1.76859,RELEASE
112,0,0.452129,-0.19047,1.8447,-0.0301668,0.411059,1.76859,RELEASE
113,0,0.453791,-0.192073,1.84227,-0.0301668,0.411059,1.76859,RELEASE
114,0,0.451769,-0.191168,1.84542,-0.0301668,0.411059,1.76859,RELEASE
115,0,0.452157,-0.191272,1.84496,-0.0301668,0.411059,1.76859,RELEASE
116,0,0.453894,-0.192221,1.84215,-0.0301668,0.411059,1.76859,RELEASE
117,0,0.453905,-0.19224,1.84314,-0.0301668,0.411059,1.76859,RELEASE
118,0,0.453885,-0.191305,1.84754,-0.0301668,0.411059,1.76859,RELEASE
119,0,0.453544,-0.191555,1.84388,-0.0301668,0.411059,1.76859,RELEASE
120,0,0.452029,-0.192215,1.84212,-0.0301668,0.411059,1.76859,RELEASE
121,0,0.452643,-0.191305,1.84581,-0.0301668,0.411059,1.76859,RELEASE
122,0,0.452087,-0.191275,1.84579,-0.0301668,0.411059,1.76859,RELEASE
123,0,0.454171,-0.194143,1.83926,-0.0301668,0.411059,1.76859,RELEASE
124,0,0.452258,-0.191887,1.83625,-0.0301668,0.411059,1.76859,RELEASE
125,0,0.447387,-0.188842,1.83829,-0.0301668,0.411059,1.76859,RELEASE
126,0,0.444215,-0.186141,1.83538,-0.0301668,0.411059,1.76859,RELEASE
127,0,0.447067,-0.187193,1.83509,-0.0301668,0.411059,1.76859,RELEASE
128,1,0.448961,-0.186421,1.84065,-0.0301668,0.411059,1.76859,SHELF
129,1,0.448518,-0.186071,1.83755,-0.0301668,0.411059,1.76859,SHELF
130,1,0.448432,-0.185521,1.83753,-0.0301668,0.411059,1.76859,SHELF
131,1,0.448808,-0.185355,1.83384,-0.0301668,0.411059,1.76859,SHELF
132,1,0.448,-0.186374,1.83237,-0.0301668,0.411059,1.76859,SHELF
133,1,0.449139,-0.187148,1.83316,-0.0301668,0.411059,1.76859,SHELF
134,1,0.451014,-0.187436,1.83552,-0.0301668,0.411059,1.76859,SHELF
135,1,0.450542,-0.187708,1.83307,-0.0301668,0.411059,1.76859,SHELF
136,1,0.450859,-0.187095,1.83323,-0.0301668,0.411059,1.76859,SHELF
137,1,0.450514,-0.187272,1.83371,-0.0301668,0.411059,1.76859,SHELF
138,1,0.450328,-0.187533,1.83533,-0.0301668,0.411059,1.76859,SHELF
140,1,0.451734,-0.187979,1.8355,-0.0301668,0.411059,1.76859,SHELF
141,1,0.451109,-0.18711,1.83568,-0.0301668,0.411059,1.76859,SHELF
142,1,0.452464,-0.186835,1.83596,-0.0301668,0.411059,1.76859,SHELF
143,1,0.452622,-0.185995,1.83626,-0.0301668,0.411059,1.76859,SHELF
144,1,0.454382,-0.185905,1.83763,-0.0301668,0.411059,1.76859,SHELF
145,1,0.451735,-0.185469,1.83404,-0.0301668,0.411059,1.76859,SHELF
146,1,0.451034,-0.185551,1.8349,-0.0301668,0.411059,1.76859,SHELF
147,1,0.452156,-0.184904,1.83567,-0.0301668,0.411059,1.76859,SHELF
148,1,0.452341,-0.184583,1.83346,-0.0301668,0.411059,1.76859,SHELF
149,1,0.451274,-0.18473,1.83539,-0.0301668,0.411059,1.76859,SHELF
150,1,0.452859,-0.185603,1.83522,-0.0301668,0.411059,1.76859,SHELF
151,1,0.452717,-0.185296,1.83364,-0.0301668,0.411059,1.76859,SHELF
152,1,0.451714,-0.185157,1.83398,-0.0301668,0.411059,1.76859,SHELF
153,1,0.453527,-0.186484,1.83532,-0.0301668,0.411059,1.76859,SHELF
154,1,0.453659,-0.185389,1.83414,-0.0301668,0.411059,1.76859,SHELF
155,1,0.453218,-0.18617,1.83534,-0.0301668,0.411059,1.76859,SHELF
156,1,0.454092,-0.186368,1.8352,-0.0301668,0.411059,1.76859,SHELF
157,1,0.457904,-0.188136,1.82891,-0.0301668,0.411059,1.76859,SHELF
158,1,0.455098,-0.186719,1.83682,-0.0301668,0.411059,1.76859,SHELF
159,1,0.455114,-0.186826,1.83531,-0.0301668,0.411059,1.76859,SHELF
160,1,0.452895,-0.186079,1.83699,-0.0301668,0.411059,1.76859,SHELF
161,1,0.452727,-0.18319,1.83429,-0.0301668,0.411059,1.76859,SHELF
162,1,0.454401,-0.175118,1.83159,-0.0301668,0.411059,1.76859,SHELF
163,1,0.453767,-0.164394,1.8248,-0.0301668,0.411059,1.76859,SHELF
164,1,0.449563,-0.153403,1.82205,-0.0301668,0.411059,1.76859,SHELF
165,1,0.445201,-0.139085,1.80904,-0.0301668,0.411059,1.76859,MOVE
166,1,0.4427,-0.126446,1.79432,-0.0301668,0.411059,1.76859,MOVE
167,1,0.433746,-0.108447,1.77739,-0.0301668,0.411059,1.76859,MOVE
168,1,0.428305,-0.0947986,1.76421,-0.0301668,0.411059,1.76859,MOVE
169,1,0.419721,-0.0832775,1.74168,-0.0301668,0.411059,1.76859,MOVE
170,1,0.406173,-0.073024,1.71503,-0.0301668,0.411059,1.76859,MOVE
171,1,0.394823,-0.064169,1.68597,-0.0301668,0.411059,1.76859,MOVE
172,1,0.381357,-0.0586717,1.65254,-0.0301668,0.411059,1.76859,MOVE
173,1,0.370275,-0.0581561,1.62151,-0.0301668,0.411059,1.76859,MOVE
174,1,0.358294,-0.0616077,1.59457,-0.0301668,0.411059,1.76859,MOVE
175,1,0.347232,-0.0695549,1.56625,-0.0301668,0.411059,1.76859,MOVE
176,1,0.335389,-0.0805683,1.54503,-0.0301668,0.411059,1.76859,MOVE
177,1,0.322107,-0.0991428,1.51919,-0.0301668,0.411059,1.76859,MOVE
178,1,0.308463,-0.119171,1.49801,-0.0301668,0.411059,1.76859,MOVE
179,1,0.296711,-0.141203,1.48095,-0.0301668,0.411059,1.76859,MOVE
180,1,0.281013,-0.162487,1.46455,-0.0301668,0.411059,1.76859,MOVE
181,1,0.267332,-0.186761,1.44976,-0.0301668,0.411059,1.76859,MOVE
182,1,0.257023,-0.210625,1.44156,-0.0301668,0.411059,1.76859,MOVE
183,1,0.249956,-0.237009,1.4299,-0.0301668,0.411059,1.76859,MOVE
184,1,0.244666,-0.258322,1.4251,-0.0301668,0.411059,1.76859,MOVE
185,1,0.240944,-0.282922,1.42012,-0.0301668,0.411059,1.76859,MOVE
186,1,0.237999,-0.30595,1.41806,-0.0301668,0.411059,1.76859,MOVE
187,1,0.236557,-0.323786,1.41373,-0.0301668,0.411059,1.76859,MOVE
188,1,0.237394,-0.341996,1.41599,-0.0301668,0.411059,1.76859,MOVE
189,1,0.235644,-0.354652,1.4194,-0.0301668,0.411059,1.76859,TABLE1
190,1,0.23717,-0.367115,1.41928,-0.0301668,0.411059,1.76859,TABLE1
191,1,0.234461,-0.377649,1.42498,-0.0301668,0.411059,1.76859,TABLE1
192,1,0.232726,-0.384369,1.43001,-0.0301668,0.411059,1.76859,TABLE1
193,1,0.232385,-0.389918,1.43006,-0.0301668,0.411059,1.76859,TABLE1
194,1,0.234077,-0.39024,1.42961,-0.0301668,0.411059,1.76859,TABLE1
195,1,0.232516,-0.390622,1.42847,-0.0301668,0.411059,1.76859,TABLE1
196,1,0.231215,-0.390432,1.42493,-0.0301668,0.411059,1.76859,TABLE1
197,1,0.22415,-0.390552,1.42487,-0.0301668,0.411059,1.76859,TABLE1
198,1,0.2182,-0.390882,1.42272,-0.0301668,0.411059,1.76859,TABLE1
199,1,0.207536,-0.390151,1.4197,-0.0301668,0.411059,1.76859,TABLE1
200,1,0.194935,-0.390091,1.4205,-0.0301668,0.411059,1.76859,TABLE1
201,1,0.179936,-0.390682,1.42045,-0.0301668,0.411059,1.76859,TABLE1
202,1,0.162751,-0.390892,1.4207,-0.0301668,0.411059,1.76859,TABLE1
203,1,0.140881,-0.390484,1.41995,-0.0301668,0.411059,1.76859,TABLE1
204,1,0.121019,-0.390319,1.42049,-0.0301668,0.411059,1.76859,TABLE1
205,1,0.0976453,-0.390642,1.42098,-0.0301668,0.411059,1.76859,TABLE1
206,1,0.0765427,-0.392388,1.42219,-0.0301668,0.411059,1.76859,TABLE1
207,1,0.0538988,-0.391256,1.42604,-0.0301668,0.411059,1.76859,TABLE1
208,1,0.0336524,-0.394267,1.42307,-0.0301668,0.411059,1.76859,TABLE1
209,1,0.0143091,-0.393601,1.42229,-0.0301668,0.411059,1.76859,TABLE1
210,1,-0.00215418,-0.394773,1.42509,-0.0301668,0.411059,1.76859,TABLE1
211,1,-0.0147303,-0.394463,1.42498,-0.0301668,0.411059,1.76859,TABLE1
212,1,-0.0244248,-0.394106,1.42505,-0.0301668,0.411059,1.76859,TABLE1
213,1,-0.0266297,-0.393015,1.42497,-0.0301668,0.411059,1.76859,TABLE1
214,1,-0.0243652,-0.392826,1.4267,-0.0301668,0.411059,1.76859,TABLE1
215,1,-0.0157038,-0.391386,1.4272,-0.0301668,0.411059,1.76859,TABLE1
216,1,-0.00560339,-0.391302,1.42817,-0.0301668,0.411059,1.76859,TABLE1
217,1,0.0089663,-0.390928,1.42764,-0.0301668,0.411059,1.76859,TABLE1
218,1,0.0260832,-0.390527,1.42529,-0.0301668,0.411059,1.76859,TABLE1
219,1,0.0404358,-0.395107,1.43067,-0.0301668,0.411059,1.76859,TABLE1
220,1,0.0617734,-0.392069,1.42818,-0.0301668,0.411059,1.76859,TABLE1
221,1,0.083587,-0.392807,1.4236,-0.0301668,0.411059,1.76859,TABLE1
222,1,0.103598,-0.392971,1.42576,-0.0301668,0.411059,1.76859,TABLE1
223,1,0.122866,-0.392739,1.42526,-0.0301668,0.411059,1.76859,TABLE1
224,1,0.142681,-0.393418,1.42638,-0.0301668,0.411059,1.76859,TABLE1
225,1,0.164019,-0.39372,1.42692,-0.0301668,0.411059,1.76859,TABLE1
226,1,0.180707,-0.391068,1.42795,-0.0301668,0.411059,1.76859,TABLE1
227,1,0.198012,-0.390998,1.42768,-0.0301668,0.411059,1.76859,TABLE1
228,1,0.211672,-0.388818,1.42966,-0.0301668,0.411059,1.76859,TABLE1
229,1,0.221592,-0.388474,1.43145,-0.0301668,0.411059,1.76859,TABLE1
230,1,0.228081,-0.385643,1.43586,-0.0301668,0.411059,1.76859,TABLE1
231,1,0.230461,-0.385108,1.43448,-0.0301668,0.411059,1.76859,TABLE1
232,1,0.229319,-0.386368,1.43304,-0.0301668,0.411059,1.76859,TABLE1
233,1,0.224349,-0.385496,1.43125,-0.0301668,0.411059,1.76859,TABLE1
234,1,0.212591,-0.38496,1.43,-0.0301668,0.411059,1.76859,TABLE1
235,1,0.20121,-0.385233,1.42833,-0.0301668,0.411059,1.76859,TABLE1
236,1,0.185125,-0.386508,1.42671,-0.0301668,0.411059,1.76859,TABLE1
237,1,0.166693,-0.38758,1.4281,-0.0301668,0.411059,1.76859,TABLE1
238,1,0.143798,-0.387184,1.42812,-0.0301668,0.411059,1.76859,TABLE1
239,1,0.122006,-0.388184,1.4287,-0.0301668,0.411059,1.76859,TABLE1
240,1,0.0992342,-0.387681,1.42827,-0.0301668,0.411059,1.76859,TABLE1
241,1,0.0749119,-0.389969,1.42935,-0.0301668,0.411059,1.76859,TABLE1
242,1,0.0497012,-0.391675,1.4295,-0.0301668,0.411059,1.76859,TABLE1
243,1,0.0275086,-0.388969,1.42987,-0.0301668,0.411059,1.76859,TABLE1
244,1,0.00997313,-0.388982,1.43125,-0.0301668,0.411059,1.76859,TABLE1
245,1,-0.00487782,-0.391122,1.4289,-0.0301668,0.411059,1.76859,TABLE1
246,1,-0.013953,-0.391767,1.42679,-0.0301668,0.411059,1.76859,TABLE1
247,1,-0.0199495,-0.392646,1.4286,-0.0301668,0.411059,1.76859,TABLE1
248,1,-0.0182767,-0.390933,1.42957,-0.0301668,0.411059,1.76859,TABLE1
249,1,-0.0103921,-0.390738,1.43061,-0.0301668,0.411059,1.76859,TABLE1
250,1,0.000816255,-0.391366,1.43033,-0.0301668,0.411059,1.76859,TABLE1
251,1,0.015142,-0.389173,1.42918,-0.0301668,0.411059,1.76859,TABLE1
252,1,0.029958,-0.389581,1.42842,-0.0301668,0.411059,1.76859,TABLE1
253,1,0.0489299,-0.39015,1.43299,-0.0301668,0.411059,1.76859,TABLE1
254,1,0.070082,-0.391875,1.42908,-0.0301668,0.411059,1.76859,TABLE1
255,1,0.0923708,-0.391825,1.42754,-0.0301668,0.411059,1.76859,TABLE1
256,1,0.111991,-0.391668,1.4304,-0.0301668,0.411059,1.76859,TABLE1
257,1,0.134249,-0.391706,1.42976,-0.0301668,0.411059,1.76859,TABLE1
258,1,0.153927,-0.393032,1.43133,-0.0301668,0.411059,1.76859,TABLE1
259,1,0.175915,-0.389365,1.43093,-0.0301668,0.411059,1.76859,TABLE1
260,1,0.191837,-0.390973,1.43382,-0.0301668,0.411059,1.76859,TABLE1
261,1,0.20643,-0.391814,1.43645,-0.0301668,0.411059,1.76859,TABLE1
262,1,0.215834,-0.388621,1.4392,-0.0301668,0.411059,1.76859,TABLE1
263,1,0.221478,-0.388575,1.43835,-0.0301668,0.411059,1.76859,TABLE1
264,1,0.223513,-0.389242,1.43469,-0.0301668,0.411059,1.76859,TABLE1
265,1,0.218526,-0.388131,1.43671,-0.0301668,0.411059,1.76859,TABLE1
266,1,0.210848,-0.387919,1.43319,-0.0301668,0.411059,1.76859,TABLE1
267,1,0.200636,-0.386766,1.432,-0.0301668,0.411059,1.76859,TABLE1
268,1,0.187611,-0.387624,1.42856,-0.0301668,0.411059,1.76859,TABLE1
269,1,0.173569,-0.391384,1.4232,-0.0301668,0.411059,1.76859,TABLE1
270,1,0.156221,-0.387277,1.42537,-0.0301668,0.411059,1.76859,TABLE1
271,1,0.139733,-0.388384,1.4244,-0.0301668,0.411059,1.76859,TABLE1
272,1,0.123775,-0.389544,1.42447,-0.0301668,0.411059,1.76859,TABLE1
273,1,0.110679,-0.390642,1.42355,-0.0301668,0.411059,1.76859,TABLE1
274,1,0.101467,-0.392332,1.42334,-0.0301668,0.411059,1.76859,TABLE1
275,1,0.0963601,-0.392618,1.42437,-0.0301668,0.411059,1.76859,TABLE1
276,1,0.0950622,-0.393955,1.42415,-0.0301668,0.411059,1.76859,TABLE1
277,1,0.0954782,-0.392431,1.42627,-0.0301668,0.411059,1.76859,TABLE1
278,1,0.0954071,-0.39391,1.42421,-0.0301668,0.411059,1.76859,TABLE1
279,1,0.0952668,-0.393113,1.42588,-0.0301668,0.411059,1.76859,TABLE1
280,1,0.0955657,-0.392365,1.426,-0.0301668,0.411059,1.76859,TABLE1
281,1,0.0956429,-0.394294,1.42463,-0.0301668,0.411059,1.76859,TABLE1
282,1,0.0956702,-0.394498,1.42338,-0.0301668,0.411059,1.76859,TABLE1
283,1,0.0952018,-0.393763,1.4262,-0.0301668,0.411059,1.76859,TABLE1
284,1,0.0955151,-0.394321,1.42334,-0.0301668,0.411059,1.76859,TABLE1
285,1,0.0952854,-0.393413,1.42493,-0.0301668,0.411059,1.76859,TABLE1
286,1,0.0963104,-0.393019,1.42385,-0.0301668,0.411059,1.76859,TABLE1
287,1,0.0960325,-0.393108,1.42356,-0.0301668,0.411059,1.76859,TABLE1
288,1,0.0945873,-0.392872,1.4261,-0.0301668,0.411059,1.76859,TABLE1
289,1,0.0953809,-0.393029,1.42244,-0.0301668,0.411059,1.76859,TABLE1
290,1,0.0957455,-0.390976,1.41971,-0.0301668,0.411059,1.76859,TABLE1
291,1,0.0954293,-0.388136,1.41824,-0.0301668,0.411059,1.76859,TABLE1
292,1,0.0938412,-0.379816,1.41674,-0.0301668,0.411059,1.76859,TABLE1
293,1,0.0914928,-0.368668,1.41497,-0.0301668,0.411059,1.76859,TABLE1
294,1,0.0882465,-0.352988,1.41592,-0.0301668,0.411059,1.76859,TABLE1
295,1,0.0826549,-0.337496,1.41809,-0.0301668,0.411059,1.76859,MOVE
296,1,0.0738071,-0.318426,1.41732,-0.0301668,0.411059,1.76859,MOVE
297,1,0.0601522,-0.296687,1.41931,-0.0301668,0.411059,1.76859,MOVE
298,1,0.0447538,-0.276283,1.42247,-0.0301668,0.411059,1.76859,MOVE
299,1,0.0231325,-0.253448,1.42775,-0.0301668,0.411059,1.76859,MOVE
300,1,0.00334768,-0.234755,1.43527,-0.0301668,0.411059,1.76859,MOVE
301,1,-0.0222121,-0.210064,1.44036,-0.0301668,0.411059,1.76859,MOVE
302,1,-0.0524177,-0.192423,1.44389,-0.0301668,0.411059,1.76859,MOVE
303,1,-0.0817108,-0.174757,1.45365,-0.0301668,0.411059,1.76859,MOVE
304,1,-0.111062,-0.156799,1.46519,-0.0301668,0.411059,1.76859,MOVE
305,1,-0.139387,-0.139861,1.47397,-0.0301668,0.411059,1.76859,MOVE
306,1,-0.166288,-0.12175,1.48558,-0.0301668,0.411059,1.76859,MOVE
307,1,-0.19904,-0.105199,1.50064,-0.0301668,0.411059,1.76859,MOVE
308,1,-0.231202,-0.0887098,1.50978,-0.0301668,0.411059,1.76859,MOVE
309,1,-0.2639,-0.0709406,1.52227,-0.0301668,0.411059,1.76859,MOVE
310,1,-0.293773,-0.0585321,1.53946,-0.0301668,0.411059,1.76859,MOVE
311,1,-0.327471,-0.0459127,1.5558,-0.0301668,0.411059,1.76859,MOVE
312,1,-0.356602,-0.0393329,1.57463,-0.0301668,0.411059,1.76859,MOVE
313,1,-0.389514,-0.0393254,1.5847,-0.0301668,0.411059,1.76859,MOVE
314,1,-0.414695,-0.039158,1.60596,-0.0301668,0.411059,1.76859,MOVE
315,1,-0.438468,-0.041783,1.63003,-0.0301668,0.411059,1.76859,MOVE
316,1,-0.465121,-0.0517254,1.63971,-0.0301668,0.411059,1.76859,MOVE
317,1,-0.489326,-0.0549979,1.66502,-0.0301668,0.411059,1.76859,MOVE
318,1,-0.504478,-0.0752443,1.67179,-0.0301668,0.411059,1.76859,MOVE
319,1,-0.519309,-0.0858398,1.69141,-0.0301668,0.411059,1.76859,MOVE
320,1,-0.531023,-0.105216,1.69847,-0.0301668,0.411059,1.76859,MOVE
321,1,-0.547652,-0.121029,1.70733,-0.0301668,0.411059,1.76859,MOVE
322,1,-0.549425,-0.134582,1.72725,-0.0301668,0.411059,1.76859,MOVE
323,1,-0.553983,-0.153298,1.7322,-0.0301668,0.411059,1.76859,MOVE
324,1,-0.567831,-0.172541,1.73741,-0.0301668,0.411059,1.76859,MOVE
325,1,-0.564419,-0.188634,1.74336,-0.0301668,0.411059,1.76859,MOVE
326,1,-0.567338,-0.201714,1.7502,-0.0301668,0.411059,1.76859,MOVE
327,1,-0.565029,-0.209461,1.76241,-0.0301668,0.411059,1.76859,WASH
328,1,-0.566706,-0.221951,1.76352,-0.0301668,0.411059,1.76859,WASH
329,1,-0.565111,-0.23275,1.76808,-0.0301668,0.411059,1.76859,WASH
330,1,-0.563177,-0.243843,1.76835,-0.0301668,0.411059,1.76859,WASH
331,1,-0.563551,-0.249797,1.7682,-0.0301668,0.411059,1.76859,WASH
332,1,-0.565438,-0.25534,1.76596,-0.0301668,0.411059,1.76859,WASH
333,1,-0.565772,-0.255747,1.76755,-0.0301668,0.411059,1.76859,WASH
334,1,-0.564884,-0.255761,1.7668,-0.0301668,0.411059,1.76859,WASH
335,1,-0.564941,-0.255981,1.76708,-0.0301668,0.411059,1.76859,WASH
336,1,-0.569454,-0.258244,1.7626,-0.0301668,0.411059,1.76859,WASH
337,1,-0.56572,-0.255783,1.77008,-0.0301668,0.411059,1.76859,WASH
338,1,-0.567303,-0.256628,1.76809,-0.0301668,0.411059,1.76859,WASH
339,1,-0.568906,-0.254915,1.76951,-0.0301668,0.411059,1.76859,WASH
340,1,-0.567827,-0.255704,1.76569,-0.0301668,0.411059,1.76859,WASH
341,1,-0.566146,-0.255874,1.7647,-0.0301668,0.411059,1.76859,WASH
342,1,-0.567214,-0.25495,1.76875,-0.0301668,0.411059,1.76859,WASH
343,1,-0.564491,-0.252645,1.76925,-0.0301668,0.411059,1.76859,WASH
344,1,-0.566795,-0.254046,1.76871,-0.0301668,0.411059,1.76859,WASH
345,1,-0.563959,-0.252594,1.76987,-0.0301668,0.411059,1.76859,WASH
346,1,-0.5646,-0.254692,1.77062,-0.0301668,0.411059,1.76859,WASH
347,1,-0.564686,-0.25312,1.76669,-0.0301668,0.411059,1.76859,WASH
348,1,-0.56446,-0.253417,1.76848,-0.0301668,0.411059,1.76859,WASH
349,1,-0.564701,-0.255007,1.76429,-0.0301668,0.411059,1.76859,WASH
350,1,-0.567455,-0.257968,1.76082,-0.0301668,0.411059,1.76859,WASH
351,1,-0.568193,-0.258274,1.75833,-0.0301668,0.411059,1.76859,WASH
352,0,-0.56551,-0.259957,1.76279,-0.0301668,0.411059,1.76859,RELEASE
353,0,-0.564172,-0.256024,1.76698,-0.0301668,0.411059,1.76859,RELEASE
354,0,-0.565979,-0.257294,1.76906,-0.0301668,0.411059,1.76859,RELEASE
355,0,-0.566534,-0.259552,1.76373,-0.0301668,0.411059,1.76859,RELEASE
356,0,-0.564773,-0.259424,1.76457,-0.0301668,0.411059,1.76859,RELEASE
357,0,-0.563207,-0.258261,1.76431,-0.0301668,0.411059,1.76859,RELEASE
358,0,-0.566794,-0.259348,1.76085,-0.0301668,0.411059,1.76859,RELEASE
359,0,-0.567115,-0.259745,1.76536,-0.0301668,0.411059,1.76859,RELEASE
360,0,-0.566464,-0.260531,1.76389,-0.0301668,0.411059,1.76859,RELEASE
361,0,-0.568381,-0.260153,1.76247,-0.0301668,0.411059,1.76859,RELEASE
362,0,-0.568118,-0.260392,1.7587,-0.0301668,0.411059,1.76859,RELEASE
363,0,-0.565763,-0.258296,1.76807,-0.0301668,0.411059,1.76859,RELEASE
364,0,-0.56637,-0.257236,1.76428,-0.0301668,0.411059,1.76859,RELEASE
365,0,-0.564371,-0.25838,1.76314,-0.0301668,0.411059,1.76859,RELEASE
366,0,-0.564269,-0.257845,1.76457,-0.0301668,0.411059,1.76859,RELEASE
367,0,-0.562898,-0.259228,1.76097,-0.0301668,0.411059,1.76859,RELEASE
368,0,-0.564035,-0.258023,1.7642,-0.0301668,0.411059,1.76859,RELEASE
369,0,-0.561331,-0.256939,1.76617,-0.0301668,0.411059,1.76859,RELEASE
370,0,-0.563297,-0.257074,1.76473,-0.0301668,0.411059,1.76859,RELEASE
371,0,-0.563216,-0.257091,1.76762,-0.0301668,0.411059,1.76859,RELEASE
372,0,-0.56556,-0.258173,1.76637,-0.0301668,0.411059,1.76859,RELEASE
373,0,-0.566787,-0.259535,1.7598,-0.0301668,0.411059,1.76859,RELEASE
374,0,-0.56941,-0.258112,1.76573,-0.0301668,0.411059,1.76859,RELEASE
375,0,-0.565544,-0.25818,1.76287,-0.0301668,0.411059,1.76859,RELEASE
376,0,-0.564977,-0.258706,1.76221,-0.0301668,0.411059,1.76859,RELEASE
377,0,-0.563,-0.25658,1.76569,-0.0301668,0.411059,1.76859,RELEASE
378,0,-0.560932,-0.256518,1.76506,-0.0301668,0.411059,1.76859,RELEASE
379,0,-0.563514,-0.259387,1.76249,-0.0301668,0.411059,1.76859,RELEASE
380,0,-0.566026,-0.259715,1.75821,-0.0301668,0.411059,1.76859,RELEASE
381,0,-0.567219,-0.257236,1.76415,-0.0301668,0.411059,1.76859,RELEASE
382,0,-0.56357,-0.257705,1.76551,-0.0301668,0.411059,1.76859,RELEASE
383,0,-0.563433,-0.256323,1.76486,-0.0301668,0.411059,1.76859,RELEASE
384,0,-0.568713,-0.260923,1.75823,-0.0301668,0.411059,1.76859,RELEASE
385,0,-0.565856,-0.258163,1.76135,-0.0301668,0.411059,1.76859,RELEASE
386,0,-0.566704,-0.260039,1.76311,-0.0301668,0.411059,1.76859,RELEASE
387,0,-0.563751,-0.258647,1.76259,-0.0301668,0.411059,1.76859,RELEASE
388,0,-0.564314,-0.256086,1.76565,-0.0301668,0.411059,1.76859,RELEASE
389,0,-0.562355,-0.256712,1.76693,-0.0301668,0.411059,1.76859,RELEASE
390,0,-0.564979,-0.258344,1.76481,-0.0301668,0.411059,1.76859,RELEASE
391,0,-0.56144,-0.257135,1.7659,-0.0301668,0.411059,1.76859,RELEASE
392,0,-0.561301,-0.257097,1.76443,-0.0301668,0.411059,1.76859,RELEASE
393,0,-0.567569,-0.260214,1.75533,-0.0301668,0.411059,1.76859,RELEASE
394,0,-0.566923,-0.258765,1.75765,-0.0301668,0.411059,1.76859,RELEASE
395,0,-0.566955,-0.258137,1.75735,-0.0301668,0.411059,1.76859,RELEASE
396,0,-0.569756,-0.260209,1.75572,-0.0301668,0.411059,1.76859,RELEASE
397,0,-0.566898,-0.259905,1.75686,-0.0301668,0.411059,1.76859,RELEASE
398,0,-0.568611,-0.259219,1.75755,-0.0301668,0.411059,1.76859,RELEASE
399,0,-0.568708,-0.260576,1.75624,-0.0301668,0.411059,1.76859,RELEASE
400,0,-0.568001,-0.258377,1.7544,-0.0301668,0.411059,1.76859,RELEASE
401,0,-0.568634,-0.259596,1.75705,-0.0301668,0.411059,1.76859,RELEASE
402,0,-0.566905,-0.2587,1.75696,-0.0301668,0.411059,1.76859,RELEASE
403,0,-0.56807,-0.259644,1.75884,-0.0301668,0.411059,1.76859,RELEASE
404,0,-0.564,-0.256709,1.7587,-0.0301668,0.411059,1.76859,RELEASE
405,0,-0.568015,-0.259854,1.75817,-0.0301668,0.411059,1.76859,RELEASE
406,0,-0.571142,-0.258056,1.75944,-0.0301668,0.411059,1.76859,RELEASE
407,0,-0.567513,-0.258147,1.75762,-0.0301668,0.411059,1.76859,RELEASE
408,0,-0.564917,-0.255949,1.75759,-0.0301668,0.411059,1.76859,RELEASE
409,0,-0.56614,-0.258027,1.75791,-0.0301668,0.411059,1.76859,RELEASE
410,0,-0.565997,-0.258857,1.75768,-0.0301668,0.411059,1.76859,RELEASE
411,0,-0.566576,-0.259981,1.75711,-0.0301668,0.411059,1.76859,RELEASE
412,0,-0.568348,-0.261173,1.75599,-0.0301668,0.411059,1.76859,RELEASE
413,0,-0.567994,-0.259489,1.75821,-0.0301668,0.411059,1.76859,RELEASE
414,0,-0.565146,-0.258932,1.7562,-0.0301668,0.411059,1.76859,RELEASE
415,0,-0.568102,-0.258975,1.75646,-0.0301668,0.411059,1.76859,RELEASE
416,0,-0.569121,-0.259876,1.75778,-0.0301668,0.411059,1.76859,RELEASE
417,0,-0.570592,-0.26024,1.75796,-0.0301668,0.411059,1.76859,RELEASE
418,0,-0.563435,-0.256202,1.76546,-0.0301668,0.411059,1.76859,RELEASE
419,0,-0.565811,-0.257832,1.75676,-0.0301668,0.411059,1.76859,RELEASE
420,0,-0.562988,-0.257748,1.76352,-0.0301668,0.411059,1.76859,RELEASE
421,0,-0.56907,-0.258979,1.75724,-0.0301668,0.411059,1.76859,RELEASE
422,0,-0.566962,-0.259024,1.75779,-0.0301668,0.411059,1.76859,RELEASE
423,0,-0.56836,-0.258068,1.75882,-0.0301668,0.411059,1.76859,RELEASE
424,0,-0.568186,-0.258723,1.75699,-0.0301668,0.411059,1.76859,RELEASE
425,0,-0.567404,-0.258649,1.75726,-0.0301668,0.411059,1.76859,RELEASE
426,0,-0.567128,-0.258646,1.75667,-0.0301668,0.411059,1.76859,RELEASE
427,0,-0.567277,-0.258253,1.75756,-0.0301668,0.411059,1.76859,RELEASE
428,0,-0.566413,-0.258024,1.75718,-0.0301668,0.411059,1.76859,RELEASE
429,0,-0.566763,-0.25929,1.75861,-0.0301668,0.411059,1.76859,RELEASE
430,0,-0.568558,-0.259406,1.75686,-0.0301668,0.411059,1.76859,RELEASE
431,0,-0.567771,-0.258394,1.7558,-0.0301668,0.411059,1.76859,RELEASE
432,0,-0.569138,-0.260194,1.75583,-0.0301668,0.411059,1.76859,RELEASE
433,0,-0.568446,-0.259203,1.75875,-0.0301668,0.411059,1.76859,RELEASE
434,0,-0.569724,-0.258997,1.75653,-0.0301668,0.411059,1.76859,RELEASE
435,0,-0.568222,-0.259529,1.7567,-0.0301668,0.411059,1.76859,RELEASE
436,0,-0.568326,-0.258621,1.75933,-0.0301668,0.411059,1.76859,RELEASE
437,0,-0.569761,-0.259402,1.75674,-0.0301668,0.411059,1.76859,RELEASE
438,0,-0.569902,-0.259629,1.7561,-0.0301668,0.411059,1.76859,RELEASE
439,0,-0.568292,-0.260815,1.75642,-0.0301668,0.411059,1.76859,RELEASE
440,0,-0.566704,-0.26044,1.7546,-0.0301668,0.411059,1.76859,RELEASE
441,0,-0.56487,-0.260053,1.75729,-0.0301668,0.411059,1.76859,RELEASE
442,0,-0.564288,-0.258848,1.75492,-0.0301668,0.411059,1.76859,RELEASE
443,0,-0.566354,-0.260133,1.755,-0.0301668,0.411059,1.76859,RELEASE
444,0,-0.56565,-0.259246,1.75572,-0.0301668,0.411059,1.76859,RELEASE
445,0,-0.566946,-0.258983,1.75641,-0.0301668,0.411059,1.76859,RELEASE
446,0,-0.566535,-0.260789,1.75412,-0.0301668,0.411059,1.76859,RELEASE
447,0,-0.567222,-0.261184,1.75474,-0.0301668,0.411059,1.76859,RELEASE
448,0,-0.567808,-0.26137,1.75541,-0.0301668,0.411059,1.76859,RELEASE
449,0,-0.567473,-0.260131,1.75743,-0.0301668,0.411059,1.76859,RELEASE
450,0,-0.568237,-0.260692,1.75796,-0.0301668,0.411059,1.76859,RELEASE
451,0,-0.567268,-0.259615,1.75847,-0.0301668,0.411059,1.76859,RELEASE
452,0,-0.566982,-0.260403,1.75806,-0.0301668,0.411059,1.76859,RELEASE
453,0,-0.56754,-0.260799,1.75642,-0.0301668,0.411059,1.76859,RELEASE
454,0,-0.567825,-0.261523,1.75711,-0.0301668,0.411059,1.76859,RELEASE
455,0,-0.564156,-0.259434,1.7572,-0.0301668,0.411059,1.76859,RELEASE
456,0,-0.567343,-0.260785,1.75528,-0.0301668,0.411059,1.76859,RELEASE
457,0,-0.569177,-0.260687,1.7568,-0.0301668,0.411059,1.76859,RELEASE
458,0,-0.568368,-0.260577,1.7572,-0.0301668,0.411059,1.76859,RELEASE
459,0,-0.565015,-0.258897,1.7574,-0.0301668,0.411059,1.76859,RELEASE
460,0,-0.566829,-0.260584,1.75758,-0.0301668,0.411059,1.76859,RELEASE
461,0,-0.566438,-0.259351,1.75515,-0.0301668,0.411059,1.76859,RELEASE
462,0,-0.566831,-0.260201,1.75326,-0.0301668,0.411059,1.76859,RELEASE
463,0,-0.567815,-0.260388,1.7561,-0.0301668,0.411059,1.76859,RELEASE
464,0,-0.568082,-0.2603,1.75628,-0.0301668,0.411059,1.76859,RELEASE
465,0,-0.566014,-0.255315,1.75595,-0.0301668,0.411059,1.76859,RELEASE
466,0,-0.563592,-0.249912,1.76262,-0.0301668,0.411059,1.76859,RELEASE
467,1,-0.56312,-0.25219,1.76491,-0.0301668,0.411059,1.76859,WASH
468,1,-0.559808,-0.2508,1.75755,-0.0301668,0.411059,1.76859,WASH
469,1,-0.560508,-0.251252,1.75771,-0.0301668,0.411059,1.76859,WASH
470,1,-0.560522,-0.253099,1.75576,-0.0301668,0.411059,1.76859,WASH
471,1,-0.560014,-0.252537,1.75714,-0.0301668,0.411059,1.76859,WASH
472,1,-0.560499,-0.25296,1.75722,-0.0301668,0.411059,1.76859,WASH
473,1,-0.560364,-0.252465,1.75804,-0.0301668,0.411059,1.76859,WASH
474,1,-0.56081,-0.251971,1.75793,-0.0301668,0.411059,1.76859,WASH
475,1,-0.562082,-0.252605,1.75782,-0.0301668,0.411059,1.76859,WASH
476,1,-0.560173,-0.25315,1.75766,-0.0301668,0.411059,1.76859,WASH
477,1,-0.560847,-0.2513,1.75959,-0.0301668,0.411059,1.76859,WASH
478,1,-0.558515,-0.252731,1.75578,-0.0301668,0.411059,1.76859,WASH
479,1,-0.562643,-0.253937,1.75844,-0.0301668,0.411059,1.76859,WASH
480,1,-0.56343,-0.254817,1.75722,-0.0301668,0.411059,1.76859,WASH
481,1,-0.563239,-0.254046,1.75755,-0.0301668,0.411059,1.76859,WASH
482,1,-0.563617,-0.253969,1.75945,-0.0301668,0.411059,1.76859,WASH
483,1,-0.560213,-0.252254,1.75879,-0.0301668,0.411059,1.76859,WASH
484,1,-0.560647,-0.254287,1.75931,-0.0301668,0.411059,1.76859,WASH
485,1,-0.55891,-0.252976,1.75834,-0.0301668,0.411059,1.76859,WASH
486,1,-0.560882,-0.253703,1.75802,-0.0301668,0.411059,1.76859,WASH
487,1,-0.560575,-0.253564,1.75723,-0.0301668,0.411059,1.76859,WASH
488,1,-0.56207,-0.25448,1.75956,-0.0301668,0.411059,1.76859,WASH
489,1,-0.562072,-0.254122,1.76035,-0.0301668,0.411059,1.76859,WASH
490,1,-0.561379,-0.254988,1.75815,-0.0301668,0.411059,1.76859,WASH
491,1,-0.562209,-0.253422,1.75925,-0.0301668,0.411059,1.76859,WASH
492,1,-0.562654,-0.253529,1.75997,-0.0301668,0.411059,1.76859,WASH
493,1,-0.561883,-0.253439,1.75965,-0.0301668,0.411059,1.76859,WASH
495,1,-0.561221,-0.253424,1.75974,-0.0301668,0.411059,1.76859,WASH
496,1,-0.562457,-0.252872,1.76096,-0.0301668,0.411059,1.76859,WASH
497,1,-0.561522,-0.253141,1.76039,-0.0301668,0.411059,1.76859,WASH
498,1,-0.56139,-0.253225,1.7596,-0.0301668,0.411059,1.76859,WASH
499,1,-0.56224,-0.253965,1.75924,-0.0301668,0.411059,1.76859,WASH
500,1,-0.560436,-0.252819,1.75762,-0.0301668,0.411059,1.76859,WASH
501,1,-0.561841,-0.253571,1.76166,-0.0301668,0.411059,1.76859,WASH
502,1,-0.561742,-0.253583,1.76008,-0.0301668,0.411059,1.76859,WASH
503,1,-0.560903,-0.252394,1.75995,-0.0301668,0.411059,1.76859,WASH
504,1,-0.561027,-0.252414,1.75959,-0.0301668,0.411059,1.76859,WASH
505,1,-0.559692,-0.252402,1.75908,-0.0301668,0.411059,1.76859,WASH
506,1,-0.559807,-0.252724,1.75777,-0.0301668,0.411059,1.76859,WASH
507,1,-0.562226,-0.253581,1.7606,-0.0301668,0.411059,1.76859,WASH
508,1,-0.56306,-0.253628,1.76207,-0.0301668,0.411059,1.76859,WASH
509,1,-0.561411,-0.253043,1.76076,-0.0301668,0.411059,1.76859,WASH
510,1,-0.561152,-0.252048,1.75922,-0.0301668,0.411059,1.76859,WASH
511,1,-0.560819,-0.249712,1.76007,-0.0301668,0.411059,1.76859,WASH
512,1,-0.560815,-0.253445,1.75776,-0.0301668,0.411059,1.76859,WASH
513,1,-0.560793,-0.252761,1.75865,-0.0301668,0.411059,1.76859,WASH
514,1,-0.56309,-0.25278,1.76002,-0.0301668,0.411059,1.76859,WASH
515,1,-0.561954,-0.252251,1.76044,-0.0301668,0.411059,1.76859,WASH
516,1,-0.561814,-0.252894,1.75895,-0.0301668,0.411059,1.76859,WASH
517,1,-0.561958,-0.251988,1.75995,-0.0301668,0.411059,1.76859,WASH
518,1,-0.559976,-0.251759,1.75855,-0.0301668,0.411059,1.76859,WASH
519,1,-0.560658,-0.252008,1.76024,-0.0301668,0.411059,1.76859,WASH
520,1,-0.561287,-0.252827,1.75927,-0.0301668,0.411059,1.76859,WASH
521,1,-0.561468,-0.252206,1.76061,-0.0301668,0.411059,1.76859,WASH
522,1,-0.560904,-0.252644,1.75895,-0.0301668,0.411059,1.76859,WASH
523,1,-0.561827,-0.253091,1.75843,-0.0301668,0.411059,1.76859,WASH
524,1,-0.561044,-0.252402,1.75965,-0.0301668,0.411059,1.76859,WASH
525,1,-0.560755,-0.252635,1.75724,-0.0301668,0.411059,1.76859,WASH
526,1,-0.561507,-0.251572,1.76074,-0.0301668,0.411059,1.76859,WASH
527,1,-0.560692,-0.252967,1.7628,-0.0301668,0.411059,1.76859,WASH
528,1,-0.560914,-0.253622,1.76071,-0.0301668,0.411059,1.76859,WASH
529,1,-0.5615,-0.252811,1.76023,-0.0301668,0.411059,1.76859,WASH
530,1,-0.560275,-0.252259,1.75919,-0.0301668,0.411059,1.76859,WASH
531,1,-0.560539,-0.252457,1.7589,-0.0301668,0.411059,1.76859,WASH
532,1,-0.560573,-0.251722,1.75895,-0.0301668,0.411059,1.76859,WASH
533,1,-0.561081,-0.252816,1.75985,-0.0301668,0.411059,1.76859,WASH
534,1,-0.561365,-0.25239,1.7575,-0.0301668,0.411059,1.76859,WASH
535,1,-0.560442,-0.25259,1.75846,-0.0301668,0.411059,1.76859,WASH
536,1,-0.559196,-0.252924,1.75698,-0.0301668,0.411059,1.76859,WASH
537,1,-0.561427,-0.252166,1.75815,-0.0301668,0.411059,1.76859,WASH
538,1,-0.561009,-0.252793,1.75684,-0.0301668,0.411059,1.76859,WASH
539,1,-0.561425,-0.252817,1.75751,-0.0301668,0.411059,1.76859,WASH
540,1,-0.561906,-0.251751,1.75927,-0.0301668,0.411059,1.76859,WASH
541,1,-0.560798,-0.251853,1.75781,-0.0301668,0.411059,1.76859,WASH
542,1,-0.560428,-0.250832,1.75594,-0.0301668,0.411059,1.76859,WASH
543,1,-0.561992,-0.249568,1.7527,-0.0301668,0.411059,1.76859,WASH
544,1,-0.562081,-0.241788,1.74834,-0.0301668,0.411059,1.76859,WASH
545,1,-0.560179,-0.234857,1.74472,-0.0301668,0.411059,1.76859,WASH
546,1,-0.558134,-0.226807,1.73229,-0.0301668,0.411059,1.76859,WASH
547,1,-0.550605,-0.215213,1.72474,-0.0301668,0.411059,1.76859,WASH
548,1,-0.548749,-0.202239,1.70942,-0.0301668,0.411059,1.76859,MOVE
549,1,-0.542561,-0.18573,1.70529,-0.0301668,0.411059,1.76859,MOVE
550,1,-0.532004,-0.168763,1.69642,-0.0301668,0.411059,1.76859,MOVE
551,1,-0.522722,-0.150303,1.68814,-0.0301668,0.411059,1.76859,MOVE
552,1,-0.513398,-0.131828,1.67558,-0.0301668,0.411059,1.76859,MOVE
553,1,-0.501215,-0.112503,1.66428,-0.0301668,0.411059,1.76859,MOVE
554,1,-0.484253,-0.093115,1.65413,-0.0301668,0.411059,1.76859,MOVE
555,1,-0.466651,-0.0764325,1.64018,-0.0301668,0.411059,1.76859,MOVE
556,1,-0.447808,-0.0612741,1.62844,-0.0301668,0.411059,1.76859,MOVE
557,1,-0.424298,-0.0484461,1.61578,-0.0301668,0.411059,1.76859,MOVE
558,1,-0.395676,-0.0398449,1.60046,-0.0301668,0.411059,1.76859,MOVE
559,1,-0.364314,-0.0320879,1.58597,-0.0301668,0.411059,1.76859,MOVE
560,1,-0.335238,-0.0277056,1.57114,-0.0301668,0.411059,1.76859,MOVE
561,1,-0.296974,-0.0218516,1.56089,-0.0301668,0.411059,1.76859,MOVE
562,1,-0.264198,-0.0216385,1.55079,-0.0301668,0.411059,1.76859,MOVE
563,1,-0.225717,-0.0207887,1.54593,-0.0301668,0.411059,1.76859,MOVE
564,1,-0.182712,-0.0196264,1.5486,-0.0301668,0.411059,1.76859,MOVE
565,1,-0.140994,-0.0159602,1.56734,-0.0301668,0.411059,1.76859,MOVE
566,1,-0.118455,-0.0183588,1.59368,-0.0301668,0.411059,1.76859,MOVE
567,1,-0.0769826,-0.0207577,1.59826,-0.0301668,0.411059,1.76859,MOVE
568,1,-0.0328927,-0.0269457,1.59898,-0.0301668,0.411059,1.76859,MOVE
569,1,0.0102211,-0.0272688,1.60984,-0.0301668,0.411059,1.76859,MOVE
570,1,0.0554482,-0.0319117,1.61509,-0.0301668,0.411059,1.76859,MOVE
571,1,0.0962301,-0.0365351,1.62396,-0.0301668,0.411059,1.76859,MOVE
572,1,0.143467,-0.0383809,1.64191,-0.0301668,0.411059,1.76859,MOVE
573,1,0.184208,-0.0405835,1.65741,-0.0301668,0.411059,1.76859,MOVE
574,1,0.22315,-0.0448059,1.67242,-0.0301668,0.411059,1.76859,MOVE
575,1,0.258333,-0.0491378,1.68872,-0.0301668,0.411059,1.76859,MOVE
576,1,0.288431,-0.0556809,1.70767,-0.0301668,0.411059,1.76859,MOVE
577,1,0.317419,-0.0629819,1.72795,-0.0301668,0.411059,1.76859,MOVE
578,1,0.345047,-0.0703011,1.74624,-0.0301668,0.411059,1.76859,MOVE
579,1,0.365804,-0.0780438,1.75957,-0.0301668,0.411059,1.76859,MOVE
580,1,0.38416,-0.0860448,1.77065,-0.0301668,0.411059,1.76859,MOVE
581,1,0.40422,-0.0958353,1.78478,-0.0301668,0.411059,1.76859,MOVE
582,1,0.416291,-0.107909,1.79146,-0.0301668,0.411059,1.76859,MOVE
583,1,0.429962,-0.118749,1.80863,-0.0301668,0.411059,1.76859,MOVE
584,1,0.439835,-0.132224,1.81709,-0.0301668,0.411059,1.76859,MOVE
585,1,0.44606,-0.144414,1.82532,-0.0301668,0.411059,1.76859,MOVE
586,1,0.450615,-0.154815,1.82813,-0.0301668,0.411059,1.76859,SHELF
587,1,0.457372,-0.163168,1.83841,-0.0301668,0.411059,1.76859,SHELF
588,1,0.461144,-0.168146,1.84642,-0.0301668,0.411059,1.76859,SHELF
589,1,0.461952,-0.172164,1.85385,-0.0301668,0.411059,1.76859,SHELF
590,1,0.462009,-0.175617,1.85605,-0.0301668,0.411059,1.76859,SHELF
591,1,0.463458,-0.179649,1.86125,-0.0301668,0.411059,1.76859,SHELF
592,1,0.461574,-0.184244,1.86212,-0.0301668,0.411059,1.76859,SHELF
593,1,0.462418,-0.186823,1.86129,-0.0301668,0.411059,1.76859,SHELF
594,1,0.465147,-0.186843,1.86063,-0.0301668,0.411059,1.76859,SHELF
595,1,0.462287,-0.187267,1.85964,-0.0301668,0.411059,1.76859,SHELF
596,1,0.463223,-0.187348,1.86187,-0.0301668,0.411059,1.76859,SHELF
597,1,0.461828,-0.189431,1.8627,-0.0301668,0.411059,1.76859,SHELF
598,1,0.462081,-0.188584,1.86374,-0.0301668,0.411059,1.76859,SHELF
599,1,0.461573,-0.188295,1.86287,-0.0301668,0.411059,1.76859,SHELF
600,1,0.461273,-0.188684,1.86149,-0.0301668,0.411059,1.76859,SHELF
601,1,0.461336,-0.188978,1.86377,-0.0301668,0.411059,1.76859,SHELF
602,1,0.461926,-0.188313,1.8623,-0.0301668,0.411059,1.76859,SHELF
603,1,0.459904,-0.187777,1.865,-0.0301668,0.411059,1.76859,SHELF
604,1,0.457431,-0.186513,1.8615,-0.0301668,0.411059,1.76859,SHELF
605,1,0.45746,-0.18604,1.85953,-0.0301668,0.411059,1.76859,SHELF
606,1,0.461726,-0.189369,1.85926,-0.0301668,0.411059,1.76859,SHELF
607,1,0.461031,-0.192466,1.86036,-0.0301668,0.411059,1.76859,SHELF
608,1,0.465131,-0.194034,1.86836,-0.0301668,0.411059,1.76859,SHELF
609,0,0.466473,-0.195586,1.86223,-0.0301668,0.411059,1.76859,RELEASE
610,0,0.471439,-0.196754,1.86135,-0.0301668,0.411059,1.76859,RELEASE
611,0,0.464351,-0.192485,1.86904,-0.0301668,0.411059,1.76859,RELEASE
612,0,0.467222,-0.194402,1.86948,-0.0301668,0.411059,1.76859,RELEASE
613,0,0.469867,-0.194203,1.86671,-0.0301668,0.411059,1.76859,RELEASE
614,0,0.468788,-0.195665,1.86755,-0.0301668,0.411059,1.76859,RELEASE
615,0,0.472593,-0.194952,1.86232,-0.0301668,0.411059,1.76859,RELEASE
616,0,0.465981,-0.19517,1.86833,-0.0301668,0.411059,1.76859,RELEASE
617,0,0.469009,-0.194824,1.86383,-0.0301668,0.411059,1.76859,RELEASE
618,0,0.463833,-0.192745,1.87258,-0.0301668,0.411059,1.76859,RELEASE
619,0,0.464181,-0.193104,1.87206,-0.0301668,0.411059,1.76859,RELEASE
620,0,0.4647,-0.192352,1.87588,-0.0301668,0.411059,1.76859,RELEASE
621,0,0.463898,-0.19222,1.87316,-0.0301668,0.411059,1.76859,RELEASE
622,0,0.462682,-0.191891,1.87245,-0.0301668,0.411059,1.76859,RELEASE
623,0,0.464664,-0.193703,1.87038,-0.0301668,0.411059,1.76859,RELEASE
624,0,0.463109,-0.19185,1.87426,-0.0301668,0.411059,1.76859,RELEASE
625,0,0.462548,-0.191837,1.87258,-0.0301668,0.411059,1.76859,RELEASE
626,0,0.464103,-0.191079,1.87054,-0.0301668,0.411059,1.76859,RELEASE
627,0,0.463255,-0.190921,1.87354,-0.0301668,0.411059,1.76859,RELEASE
628,0,0.470395,-0.197563,1.86359,-0.0301668,0.411059,1.76859,RELEASE
629,0,0.464437,-0.192454,1.86869,-0.0301668,0.411059,1.76859,RELEASE
630,0,0.464548,-0.194303,1.86867,-0.0301668,0.411059,1.76859,RELEASE
631,0,0.464985,-0.193637,1.86882,-0.0301668,0.411059,1.76859,RELEASE
632,0,0.467085,-0.193738,1.86959,-0.0301668,0.411059,1.76859,RELEASE
633,0,0.464059,-0.192336,1.87311,-0.0301668,0.411059,1.76859,RELEASE
634,0,0.465227,-0.192413,1.86898,-0.0301668,0.411059,1.76859,RELEASE
635,0,0.462186,-0.191791,1.87239,-0.0301668,0.411059,1.76859,RELEASE
636,0,0.462516,-0.191455,1.87225,-0.0301668,0.411059,1.76859,RELEASE
637,0,0.463994,-0.1923,1.87295,-0.0301668,0.411059,1.76859,RELEASE
638,0,0.464534,-0.192863,1.87035,-0.0301668,0.411059,1.76859,RELEASE
639,0,0.465355,-0.192949,1.87057,-0.0301668,0.411059,1.76859,RELEASE
640,0,0.464348,-0.191352,1.87132,-0.0301668,0.411059,1.76859,RELEASE
641,0,0.463591,-0.191772,1.86636,-0.0301668,0.411059,1.76859,RELEASE
642,0,0.464027,-0.19152,1.87189,-0.0301668,0.411059,1.76859,RELEASE
643,0,0.463752,-0.192833,1.86765,-0.0301668,0.411059,1.76859,RELEASE
644,0,0.464263,-0.193108,1.86815,-0.0301668,0.411059,1.76859,RELEASE
645,0,0.465058,-0.191747,1.86881,-0.0301668,0.411059,1.76859,RELEASE
646,0,0.466245,-0.195439,1.8634,-0.0301668,0.411059,1.76859,RELEASE
647,0,0.463556,-0.191772,1.87094,-0.0301668,0.411059,1.76859,RELEASE
648,0,0.464639,-0.192742,1.8724,-0.0301668,0.411059,1.76859,RELEASE
649,0,0.464603,-0.192863,1.8678,-0.0301668,0.411059,1.76859,RELEASE
650,0,0.464163,-0.192966,1.86943,-0.0301668,0.411059,1.76859,RELEASE
651,0,0.464157,-0.194642,1.8675,-0.0301668,0.411059,1.76859,RELEASE
652,0,0.466113,-0.194461,1.86749,-0.0301668,0.411059,1.76859,RELEASE
653,0,0.463953,-0.192207,1.87254,-0.0301668,0.411059,1.76859,RELEASE
654,0,0.464282,-0.194546,1.86832,-0.0301668,0.411059,1.76859,RELEASE
655,0,0.462206,-0.194845,1.86773,-0.0301668,0.411059,1.76859,RELEASE
656,0,0.463314,-0.192279,1.8729,-0.0301668,0.411059,1.76859,RELEASE
657,0,0.466292,-0.192118,1.86918,-0.0301668,0.411059,1.76859,RELEASE
658,0,0.465193,-0.194423,1.87091,-0.0301668,0.411059,1.76859,RELEASE
659,0,0.473574,-0.196959,1.86312,-0.0301668,0.411059,1.76859,RELEASE
660,0,0.465059,-0.193401,1.86926,-0.0301668,0.411059,1.76859,RELEASE
661,0,0.463328,-0.193838,1.87221,-0.0301668,0.411059,1.76859,RELEASE
662,0,0.463959,-0.19266,1.8739,-0.0301668,0.411059,1.76859,RELEASE
663,0,0.464509,-0.193075,1.8697,-0.0301668,0.411059,1.76859,RELEASE
664,0,0.462933,-0.193959,1.86999,-0.0301668,0.411059,1.76859,RELEASE
665,0,0.466356,-0.194671,1.87111,-0.0301668,0.411059,1.76859,RELEASE
666,0,0.463926,-0.193163,1.87365,-0.0301668,0.411059,1.76859,RELEASE
667,0,0.461112,-0.194024,1.87095,-0.0301668,0.411059,1.76859,RELEASE
668,0,0.463738,-0.194829,1.86836,-0.0301668,0.411059,1.76859,RELEASE
669,0,0.460377,-0.194286,1.87387,-0.0301668,0.411059,1.76859,RELEASE
670,0,0.462179,-0.194597,1.86802,-0.0301668,0.411059,1.76859,RELEASE
671,0,0.460639,-0.193561,1.87213,-0.0301668,0.411059,1.76859,RELEASE
672,0,0.46298,-0.194328,1.87428,-0.0301668,0.411059,1.76859,RELEASE
673,1,0.46295,-0.193396,1.87307,-0.0301668,0.411059,1.76859,RELEASE
674,1,0.463113,-0.193662,1.87531,-0.0301668,0.411059,1.76859,RELEASE
675,1,0.469061,-0.19309,1.86988,-0.0301668,0.411059,1.76859,RELEASE
676,1,0.463717,-0.193292,1.87456,-0.0301668,0.411059,1.76859,RELEASE
677,1,0.463708,-0.192478,1.87332,-0.0301668,0.411059,1.76859,RELEASE
678,1,0.463379,-0.192025,1.87363,-0.0301668,0.411059,1.76859,RELEASE
679,0,0.463437,-0.192313,1.87213,-0.0301668,0.411059,1.76859,RELEASE
680,0,0.463095,-0.19301,1.87494,-0.0301668,0.411059,1.76859,RELEASE
681,0,0.462018,-0.190724,1.87602,-0.0301668,0.411059,1.76859,RELEASE
682,0,0.464055,-0.191186,1.8764,-0.0301668,0.411059,1.76859,RELEASE
683,0,0.465682,-0.190694,1.87995,-0.0301668,0.411059,1.76859,RELEASE
684,0,0.465064,-0.193313,1.87778,-0.0301668,0.411059,1.76859,RELEASE
685,0,0.464397,-0.194113,1.87628,-0.0301668,0.411059,1.76859,RELEASE
686,0,0.463978,-0.192124,1.87763,-0.0301668,0.411059,1.76859,RELEASE
687,0,0.468415,-0.195394,1.8685,-0.0301668,0.411059,1.76859,RELEASE
688,0,0.466016,-0.195235,1.86816,-0.0301668,0.411059,1.76859,RELEASE
689,0,0.465433,-0.195658,1.86906,-0.0301668,0.411059,1.76859,RELEASE
690,0,0.471033,-0.194148,1.86676,-0.0301668,0.411059,1.76859,RELEASE
691,0,0.467802,-0.193696,1.86752,-0.0301668,0.411059,1.76859,RELEASE
692,0,0.467735,-0.194708,1.86766,-0.0301668,0.411059,1.76859,RELEASE
693,0,0.471237,-0.196855,1.86798,-0.0301668,0.411059,1.76859,RELEASE
694,0,0.468223,-0.197025,1.86823,-0.0301668,0.411059,1.76859,RELEASE
695,0,0.464522,-0.193032,1.87737,-0.0301668,0.411059,1.76859,RELEASE
696,0,0.467205,-0.196061,1.87062,-0.0301668,0.411059,1.76859,RELEASE
697,0,0.465662,-0.196719,1.86945,-0.0301668,0.411059,1.76859,RELEASE
698,0,0.465615,-0.197346,1.86897,-0.0301668,0.411059,1.76859,RELEASE
699,0,0.464065,-0.191487,1.87577,-0.0301668,0.411059,1.76859,RELEASE
700,0,0.465799,-0.195305,1.86978,-0.0301668,0.411059,1.76859,RELEASE
701,0,0.463964,-0.196354,1.86869,-0.0301668,0.411059,1.76859,RELEASE
702,0,0.462824,-0.19376,1.87535,-0.0301668,0.411059,1.76859,RELEASE
703,0,0.464296,-0.193922,1.87309,-0.0301668,0.411059,1.76859,RELEASE
704,0,0.464124,-0.194218,1.87555,-0.0301668,0.411059,1.76859,RELEASE
706,0,0.464486,-0.193082,1.87403,-0.0301668,0.411059,1.76859,RELEASE
707,0,0.464721,-0.19315,1.87374,-0.0301668,0.411059,1.76859,RELEASE
708,0,0.464917,-0.194119,1.87398,-0.0301668,0.411059,1.76859,RELEASE
709,0,0.46323,-0.192852,1.87302,-0.0301668,0.411059,1.76859,RELEASE
710,0,0.463333,-0.192052,1.87493,-0.0301668,0.411059,1.76859,RELEASE
711,0,0.461965,-0.191346,1.87401,-0.0301668,0.411059,1.76859,RELEASE
712,0,0.462881,-0.192215,1.87363,-0.0301668,0.411059,1.76859,RELEASE
713,0,0.464264,-0.194962,1.87034,-0.0301668,0.411059,1.76859,RELEASE
714,0,0.463954,-0.192054,1.87613,-0.0301668,0.411059,1.76859,RELEASE
715,0,0.463373,-0.192308,1.87516,-0.0301668,0.411059,1.76859,RELEASE
716,0,0.462826,-0.192722,1.87415,-0.0301668,0.411059,1.76859,RELEASE
717,0,0.463576,-0.193254,1.87315,-0.0301668,0.411059,1.76859,RELEASE
718,0,0.46386,-0.193334,1.87326,-0.0301668,0.411059,1.76859,RELEASE
719,0,0.464089,-0.192883,1.87628,-0.0301668,0.411059,1.76859,RELEASE
720,0,0.464707,-0.192856,1.8765,-0.0301668,0.411059,1.76859,RELEASE
721,0,0.465533,-0.19521,1.86982,-0.0301668,0.411059,1.76859,RELEASE
722,0,0.465524,-0.197209,1.86448,-0.0301668,0.411059,1.76859,RELEASE
723,0,0.463478,-0.194349,1.87422,-0.0301668,0.411059,1.76859,RELEASE
724,0,0.463191,-0.194554,1.87482,-0.0301668,0.411059,1.76859,RELEASE
725,0,0.463142,-0.193985,1.87574,-0.0301668,0.411059,1.76859,RELEASE
726,0,0.462931,-0.192765,1.8759,-0.0301668,0.411059,1.76859,RELEASE
727,0,0.463358,-0.196832,1.86777,-0.0301668,0.411059,1.76859,RELEASE
728,0,0.462972,-0.194813,1.86921,-0.0301668,0.411059,1.76859,RELEASE
729,0,0.46305,-0.191094,1.87595,-0.0301668,0.411059,1.76859,RELEASE
730,0,0.465474,-0.194615,1.8708,-0.0301668,0.411059,1.76859,RELEASE
731,0,0.464984,-0.192926,1.87654,-0.0301668,0.411059,1.76859,RELEASE
732,0,0.469248,-0.196911,1.87077,-0.0301668,0.411059,1.76859,RELEASE
733,0,0.466596,-0.197511,1.8709,-0.0301668,0.411059,1.76859,RELEASE
734,0,0.463649,-0.192413,1.87541,-0.0301668,0.411059,1.76859,RELEASE
736,0,0.46803,-0.194671,1.87243,-0.0301668,0.411059,1.76859,RELEASE
737,0,0.465523,-0.195293,1.87165,-0.0301668,0.411059,1.76859,RELEASE
738,0,0.468645,-0.195854,1.87166,-0.0301668,0.411059,1.76859,RELEASE
739,0,0.468503,-0.195481,1.8701,-0.0301668,0.411059,1.76859,RELEASE
740,0,0.465777,-0.19606,1.86962,-0.0301668,0.411059,1.76859,RELEASE
741,0,0.465442,-0.193125,1.87423,-0.0301668,0.411059,1.76859,RELEASE
742,0,0.465265,-0.191698,1.87675,-0.0301668,0.411059,1.76859,RELEASE
743,0,0.466786,-0.191762,1.872,-0.0301668,0.411059,1.76859,RELEASE
744,0,0.465116,-0.195166,1.87021,-0.0301668,0.411059,1.76859,RELEASE
745,0,0.463397,-0.193041,1.87623,-0.0301668,0.411059,1.76859,RELEASE
746,0,0.469509,-0.198295,1.86211,-0.0301668,0.411059,1.76859,RELEASE
747,0,0.462805,-0.193824,1.86899,-0.0301668,0.411059,1.76859,RELEASE
748,0,0.462691,-0.195413,1.86773,-0.0301668,0.411059,1.76859,RELEASE
749,0,0.465794,-0.195837,1.8692,-0.0301668,0.411059,1.76859,RELEASE
750,0,0.463723,-0.192471,1.87557,-0.0301668,0.411059,1.76859,RELEASE
751,0,0.464524,-0.194348,1.86866,-0.0301668,0.411059,1.76859,RELEASE
752,0,0.463641,-0.194877,1.8689,-0.0301668,0.411059,1.76859,RELEASE
753,0,0.462722,-0.194745,1.86764,-0.0301668,0.411059,1.76859,RELEASE
